-7.607343338483E-08	9.3221628360168E-05	0.000941427301100541	0.999999552512079
-7.607343338483E-08	9.3221628360168E-05	0.000941427301100541	0.999999552512079
-7.607343338483E-08	9.3221628360168E-05	0.000941427301100541	0.999999552512079
-7.607343338483E-08	9.3221628360168E-05	0.000941427301100541	0.999999552512079
-7.607343338483E-08	9.3221628360168E-05	0.000941427301100541	0.999999552512079
-7.607343338483E-08	9.3221628360168E-05	0.000941427301100541	0.999999552512079
-7.607343338483E-08	9.3221628360168E-05	0.000941427301100541	0.999999552512079
-7.607343338483E-08	9.3221628360168E-05	0.000941427301100541	0.999999552512079
-7.607343338483E-08	9.3221628360168E-05	0.000941427301100541	0.999999552512079
-7.607343338483E-08	9.3221628360168E-05	0.000941427301100541	0.999999552512079
-7.607343338483E-08	9.3221628360168E-05	0.000941427301100541	0.999999552512079
-7.607343338483E-08	9.3221628360168E-05	0.000941427301100541	0.999999552512079
-7.607343338483E-08	9.3221628360168E-05	0.000941427301100541	0.999999552512079
-7.607343338483E-08	9.3221628360168E-05	0.000941427301100541	0.999999552512079
-7.607343338483E-08	9.3221628360168E-05	0.000941427301100541	0.999999552512079
-7.607343338483E-08	9.3221628360168E-05	0.000941427301100541	0.999999552512079
-7.607343338483E-08	9.3221628360168E-05	0.000941427301100541	0.999999552512079
-7.607343338483E-08	9.3221628360168E-05	0.000941427301100541	0.999999552512079
-7.607343338483E-08	9.3221628360168E-05	0.000941427301100541	0.999999552512079
-7.607343338483E-08	9.3221628360168E-05	0.000941427301100541	0.999999552512079
-7.607343338483E-08	9.3221628360168E-05	0.000941427301100541	0.999999552512079
-7.607343338483E-08	9.3221628360168E-05	0.000941427301100541	0.999999552512079
-7.607343338483E-08	9.3221628360168E-05	0.000941427301100541	0.999999552512079
-7.607343338483E-08	9.3221628360168E-05	0.000941427301100541	0.999999552512079
-7.607343338483E-08	9.3221628360168E-05	0.000941427301100541	0.999999552512079
-7.607343338483E-08	9.3221628360168E-05	0.000941427301100541	0.999999552512079
-7.607343338483E-08	9.3221628360168E-05	0.000941427301100541	0.999999552512079
-7.607343338483E-08	9.3221628360168E-05	0.000941427301100541	0.999999552512079
-7.607343338483E-08	9.3221628360168E-05	0.000941427301100541	0.999999552512079
-7.607343338483E-08	9.3221628360168E-05	0.000941427301100541	0.999999552512079
-7.607343338483E-08	9.3221628360168E-05	0.000941427301100541	0.999999552512079
-7.607343338483E-08	9.3221628360168E-05	0.000941427301100541	0.999999552512079
-7.607343338483E-08	9.3221628360168E-05	0.000941427301100541	0.999999552512079
-7.607343338483E-08	9.3221628360168E-05	0.000941427301100541	0.999999552512079
-7.607343338483E-08	9.3221628360168E-05	0.000941427301100541	0.999999552512079
-7.607343338483E-08	9.3221628360168E-05	0.000941427301100541	0.999999552512079
-7.607343338483E-08	9.3221628360168E-05	0.000941427301100541	0.999999552512079
-7.607343338483E-08	9.3221628360168E-05	0.000941427301100541	0.999999552512079
-7.607343338483E-08	9.3221628360168E-05	0.000941427301100541	0.999999552512079
-7.607343338483E-08	9.3221628360168E-05	0.000941427301100541	0.999999552512079
-7.607343338483E-08	9.3221628360168E-05	0.000941427301100541	0.999999552512079
-7.607343338483E-08	9.3221628360168E-05	0.000941427301100541	0.999999552512079
-7.607343338483E-08	9.3221628360168E-05	0.000941427301100541	0.999999552512079
-7.607343338483E-08	9.3221628360168E-05	0.000941427301100541	0.999999552512079
-7.607343338483E-08	9.3221628360168E-05	0.000941427301100541	0.999999552512079
-7.607343338483E-08	9.3221628360168E-05	0.000941427301100541	0.999999552512079
-7.607343338483E-08	9.3221628360168E-05	0.000941427301100541	0.999999552512079
-7.607343338483E-08	9.3221628360168E-05	0.000941427301100541	0.999999552512079
-2.37908613618419E-08	7.14063735151174E-05	0.000941427300779243	0.999999554307784
1.39722838697006E-08	4.95314910290187E-05	0.00094142730212418	0.999999555630534
2.65215189415536E-08	4.36902471716446E-05	0.000941427302426472	0.999999555902799
5.80103821710605E-08	-7.56973688177433E-06	0.000965129299531428	0.999999534233957
1.79067274329672E-07	-5.69818990787052E-05	0.000896686159684591	0.9999995963534
1.49972192244329E-06	-0.000114260943231472	0.000791225233171911	0.999999680452358
1.32660876533967E-06	-0.000176190279451638	0.000827444186455268	0.999999642145608
-3.44158412215298E-07	-0.000226974832861708	0.000830373325158235	0.999999629481155
2.68380181242386E-07	-0.000264704082573244	0.000827177594315401	0.999999622854381
-5.85380071272147E-07	-0.000296354765419155	0.000720650995162047	0.999999696417781
-8.32909887235423E-07	-0.000330985225472765	0.000702008684608216	0.999999698815901
-1.63747657686484E-06	-0.000356973304101907	0.000635163106315305	0.999999734567568
-1.36619293401365E-06	-0.000375986975438922	0.000616254727873571	0.999999739430985
-2.34952245088699E-07	-0.000389874258086296	0.000763527879632521	0.999999632511525
9.65354447482993E-07	-0.000412344273073939	0.000786964153220012	0.999999605329267
9.88600154758122E-09	-0.000425398410155822	0.00064927839108577	0.999999698736837
-1.06513043804124E-06	-0.000435949070888764	0.000611194728521759	0.999999718194099
-1.89419997736771E-06	-0.000441492639302085	0.000535294360761807	0.999999759270275
-2.16096093446391E-06	-0.000449837403537185	0.000524375230852481	0.9999997613361
-2.17393624222819E-06	-0.000455142160812105	0.000489754065728115	0.999999776490896
-1.89928621483357E-06	-0.000462354202132038	0.000500140495822444	0.999999768042208
-1.3668753908016E-06	-0.000466883869498925	0.000494814445364779	0.999999768588098
-8.33291191021097E-07	-0.000469565816191127	0.000494015742422146	0.999999767727821
-8.33291191021097E-07	-0.000469565816191127	0.000494015742422146	0.999999767727821
-8.33291191021097E-07	-0.000469565816191127	0.000494015742422146	0.999999767727821
-3.58742691927382E-08	-0.000466465986445004	0.000494016119122831	0.999999769178752
-3.72287957287346E-08	-0.000463724153502683	0.000494016120482994	0.999999770453964
2.28002812343049E-07	-0.000461280234040327	0.000494282528077431	0.999999771452612
2.27001133154762E-07	-0.000459253702851267	0.000494282528538471	0.999999772385358
2.55362056934704E-07	-0.000457644348873379	0.000494548858239207	0.99999977299148
2.63154924305545E-07	-0.000413715709698764	0.00049454881362224	0.999999792130335
2.47202175343864E-07	-0.000341534523160101	0.000494548829619387	0.999999819387765
2.51085479617527E-07	-0.000302076236868832	0.000494815253445265	0.99999983195386
2.4453736715361E-07	-0.000290155309855817	0.00049481525379218	0.999999835483837
2.66096032471866E-07	-0.000302255030522659	0.000495081573986867	0.999999831768016
2.90445870444407E-07	-0.000322759019703441	0.000495081512766546	0.999999825360398
3.06903305621803E-07	-0.000351071224607833	0.000495081512599973	0.999999815821582
3.24827683209605E-07	-0.000376820428408065	0.000495081578356622	0.999999806450226
3.49280856991627E-07	-0.000403582878100704	0.000496679477475834	0.999999795215097
3.66673381215964E-07	-0.000424563716002587	0.000498277277739851	0.999999785732613
3.55043850541132E-07	-0.00044465049856312	0.00049321732795424	0.999999779511213
3.73700579892948E-07	-0.000458955585788476	0.000490021572629791	0.999999774619219
4.37687181894153E-07	-0.000472664622709666	0.000500940521570059	0.99999976282325
4.2457356736169E-07	-0.000481307321049893	0.000505201568570151	0.999999756557199
3.84243876408531E-07	-0.000490188426220027	0.000493483642921463	0.999999758094498
4.03614632496023E-07	-0.000494658769390739	0.000492418387046542	0.999999756418306
4.23977420012748E-07	-0.000499844347685744	0.000498810011453689	0.999999750671979
4.25500976210333E-07	-0.000501632487900321	0.000499076360120807	0.999999749643695
4.32483698385742E-07	-0.000504672330842731	0.000498011098751558	0.999999748645267
4.32483698385742E-07	-0.000504672330842731	0.000498011098751558	0.999999748645267
4.43429377203151E-07	-0.000506818101011039	0.000498543703043091	0.999999747294664
4.43429377203151E-07	-0.000506818101011039	0.000498543703043091	0.999999747294664
4.43429377203151E-07	-0.000506818101011039	0.000498543703043091	0.999999747294664
4.43429377203151E-07	-0.000506818101011039	0.000498543703043091	0.999999747294664
4.42758642708985E-07	-0.000507533338044086	0.000499609031387597	0.999999746400233
4.42758642708985E-07	-0.000507533338044086	0.000499609031387597	0.999999746400233
4.55094640973015E-07	-0.000508844626516001	0.000500141636681825	0.999999745467609
4.50700447302761E-07	-0.000510215545441903	0.00050040791747807	0.999999744635873
4.48645405553151E-07	-0.000512182488529818	0.000500674296791936	0.99999974349704
4.45786839434062E-07	-0.000510155958269844	0.000500940579442744	0.999999744399585
4.56360931844462E-07	-0.000507175696219534	0.000501206901728138	0.999999745782091
4.5967119493175E-07	-0.000501930482958484	0.000501739536925026	0.999999748161476
4.45511075630451E-07	-0.000496625688974632	0.000502005847417904	0.999999750676397
4.51345126494494E-07	-0.000490605615523545	0.000502272135543405	0.999999753514284
4.40685908499741E-07	-0.00048470476190836	0.000502538448031044	0.999999756258074
4.42953791053245E-07	-0.000478982702881302	0.000502804734226831	0.999999758881358
4.42504899307292E-07	-0.000473737523994017	0.000503071051445391	0.999999761246011
4.38692024517211E-07	-0.00046914796166133	0.000503337366878559	0.999999763275718
4.37962160930917E-07	-0.000465094833582052	0.00050360378113661	0.99999976503489
4.3923083300295E-07	-0.000461637762343802	0.000503870066109176	0.999999766502643
4.4416564486393E-07	-0.000458657535535974	0.000504136385127643	0.99999976773976
4.34526236975831E-07	-0.000456154129849017	0.000504402729851781	0.999999768750527
4.37451990518816E-07	-0.000454008385046909	0.000504669015208839	0.999999769592664
4.36832336303343E-07	-0.00045216062219645	0.000504935331381268	0.99999977029542
4.44824066964918E-07	-0.000450610900178312	0.000505201618849751	0.999999770860445
4.44530142003887E-07	-0.00044912080438322	0.000505468000083868	0.999999771396177
4.4732509650515E-07	-0.000447869097600923	0.000506000601110872	0.999999771688206
4.53799728493609E-07	-0.000446736600583342	0.000506266887751601	0.999999772059995
4.47581672999987E-07	-0.000445723321562983	0.000506533266221028	0.999999772377259
4.53980470562734E-07	-0.000444769658191855	0.000506799552771946	0.999999772666953
4.46843149826394E-07	-0.000443815969171094	0.000507065865811655	0.999999772955671
4.46843149826394E-07	-0.000443815969171094	0.000507065865811655	0.999999772955671
4.56649715174186E-07	-0.00044214703450802	0.000507864818516345	0.999999773289533
4.56649715174186E-07	-0.00044214703450802	0.000507864818516345	0.999999773289533
4.6262156180209E-07	-0.000440656935454735	0.000508397420954384	0.999999773676631
4.6262156180209E-07	-0.000440656935454735	0.000508397420954384	0.999999773676631
4.67812090225631E-07	-0.000439047592643957	0.000509196306542443	0.999999773978031
4.67812090225631E-07	-0.000439047592643957	0.000509196306542443	0.999999773978031
4.7140419963196E-07	-0.00043755746227692	0.000509728972920014	0.999999774359784
4.7140419963196E-07	-0.00043755746227692	0.000509728972920014	0.999999774359784
4.80716120846997E-07	-0.000436186572999362	0.000510527925246398	0.999999774551115
4.80716120846997E-07	-0.000436186572999362	0.000510527925246398	0.999999774551115
4.82657210439356E-07	-0.00043481565496487	0.000511326906851243	0.999999774739928
4.82657210439356E-07	-0.00043481565496487	0.000511326906851243	0.999999774739928
4.80043940243321E-07	-0.000433444739326782	0.000511859505458745	0.999999775062612
4.80043940243321E-07	-0.000433444739326782	0.000511859505458745	0.999999775062612
4.79780184903004E-07	-0.000431895021311969	0.00051265845362918	0.99999977532386
4.79780184903004E-07	-0.000431895021311969	0.00051265845362918	0.99999977532386
4.83776330409159E-07	-0.000430524134723142	0.000513457403600793	0.99999977550509
4.83776330409159E-07	-0.000430524134723142	0.000513457403600793	0.99999977550509
4.91027202265485E-07	-0.00042909359190176	0.000514256387477311	0.999999775709383
4.91027202265485E-07	-0.00042909359190176	0.000514256387477311	0.999999775709383
5.0250303975312E-07	-0.000427841913015448	0.000515055340601786	0.999999775834495
5.0250303975312E-07	-0.000427841913015448	0.000515055340601786	0.999999775834495
4.94576549588181E-07	-0.000426471000035032	0.000515854252930962	0.999999776008291
4.94576549588181E-07	-0.000426471000035032	0.000515854252930962	0.999999776008291
5.11257600743673E-07	-0.000425100074352046	0.000516653208251384	0.999999776179539
5.11257600743673E-07	-0.000425100074352046	0.000516653208251384	0.999999776179539
5.10581314667499E-07	-0.000423729190131631	0.000517452156170804	0.999999776348264
5.10581314667499E-07	-0.000423729190131631	0.000517452156170804	0.999999776348264
5.14382362876504E-07	-0.000422298649039219	0.00051825110599114	0.999999776539664
5.14382362876504E-07	-0.000422298649039219	0.00051825110599114	0.999999776539664
5.17090214848225E-07	-0.000420927763057464	0.000519050087840919	0.999999776703254
5.17090214848225E-07	-0.000420927763057464	0.000519050087840919	0.999999776703254
5.15940416085051E-07	-0.000419556846565836	0.000519849035555005	0.999999776864359
5.15940416085051E-07	-0.000419556846565836	0.000519849035555005	0.999999776864359
5.25422721086429E-07	-0.000418364758155273	0.000520647955185785	0.999999776948155
5.25422721086429E-07	-0.000418364758155273	0.000520647955185785	0.999999776948155
5.3725226962327E-07	-0.000416993834887641	0.000521446908302882	0.999999777104463
5.3725226962327E-07	-0.000416993834887641	0.000521446908302882	0.999999777104463
5.32462806527478E-07	-0.000412344683158899	0.000522512170865258	0.999999778476281
5.18276305210464E-07	-0.000381529067082747	0.000522778516742171	0.999999790568941
4.86402136147537E-07	-0.000298857463405119	0.000523044824514907	0.999999818554029
4.10330459172104E-07	-0.000174879831403435	0.000523044829497671	0.99999984792048
3.14026053426494E-07	-3.54646036850101E-05	0.000523044791883581	0.999999862583145
2.25972663934478E-07	0.000100910790450772	0.000522778467382001	0.999999858259808
1.24597056066132E-07	0.000224173157693424	0.000522245766217238	0.999999838502857
3.83688578579307E-08	0.000330209765317459	0.0005219793868901	0.999999809249496
-4.1610955121034E-08	0.000418126586995655	0.000521180449946347	0.999999776770522
-1.30264632071135E-07	0.000488698426388969	0.000520647781713136	0.999999745049827
-2.07933260178693E-07	0.000544369115832398	0.000519848903485292	0.99999971670963
-2.58204722549164E-07	0.000586926805947506	0.00051931617489894	0.999999692913737
-3.1440648869982E-07	0.00061833842224729	0.000518517305527104	0.999999674398597
-3.31882299144932E-07	0.000641047776719446	0.000517718288879781	0.999999660512648
-3.39473307694673E-07	0.000656723816559887	0.000516919303056423	0.999999650754013
-3.44055400868324E-07	0.000666618145993666	0.000516120481666464	0.999999644619826
-3.4643544119649E-07	0.000671923010331975	0.000515587815297844	0.999999641344212
-3.46880448153777E-07	0.000673830330006507	0.000514788866596509	0.99999964047243
-3.45790625476275E-07	0.000672757459058298	0.00051398988641857	0.999999641605775
-6.10218075490925E-07	0.000669777066853634	0.000513457466300278	0.999999643879806
-6.0720786780829E-07	0.00066494911429603	0.000512658518623636	0.999999647511713
-6.03892712095711E-07	0.000659167469339685	0.000512125854504558	0.999999651612435
-5.99973901360747E-07	0.000652193709079788	0.000511593190444841	0.999999656457648
-5.95818871906472E-07	0.000644743167688934	0.000511060526385447	0.999999661561458
-3.25033925541428E-07	0.000636994652210501	0.000510261409157057	0.999999666935445
-3.20501920815299E-07	0.000628769219397656	0.00050972881227916	0.999999672412798
-3.15826907097568E-07	0.00062024580647552	0.000509196150436696	0.999999678007108
-3.11009347160155E-07	0.000611424283402571	0.000508663553662743	0.999999683710769
-3.06543532161055E-07	0.00060296042730004	0.000508397272759981	0.999999688985373
-3.01742238336148E-07	0.000594138969144551	0.000507864545861293	0.999999694536152
-2.97010826008325E-07	0.000585436689961644	0.000507331948919051	0.999999699938999
-2.92351632443147E-07	0.000576555609605798	0.000507065602997067	0.999999705233965
-2.87727134713634E-07	0.000568032131372254	0.000506533005916098	0.999999710381822
-2.83021177949843E-07	0.000559329852045005	0.000506000343825063	0.999999715556804
-2.78652110090436E-07	0.0005509852397121	0.000505734062643938	0.999999720324084
-2.74052552070071E-07	0.000542461761343592	0.000505201465438314	0.999999725253283
-2.69634420646923E-07	0.000533997904882082	0.000504935216721255	0.99999972994326
-2.65461395137186E-07	0.000526010862019366	0.000504668902820499	0.999999734310865
-2.61004471494427E-07	0.000517725839110187	0.000504136272923671	0.999999738903219
-2.56050149144524E-07	0.000509679207043615	0.000503869958578596	0.99999974317102
-2.49678483619083E-07	0.000501751787226309	0.000503603675946485	0.999999747314178
-2.39787866593247E-07	0.000494003202756166	0.000503337293957996	0.999999751306143
-2.35623336031156E-07	0.000486254582863288	0.000503070947319595	0.999999755237994
-2.09355141951595E-07	0.000476717865519209	0.000502804623495469	0.999999759963743
-2.00554606299806E-07	0.000454604529890392	0.000502538346914266	0.999999770394919
-1.75230098021312E-07	0.000408470574211983	0.000502272008813964	0.999999790437272
-1.30902136050882E-07	0.000337481452370794	0.000502005640262513	0.999999817048278
-8.66595051678697E-08	0.000272989246107606	0.000502272030453217	0.999999836599822
-6.1696629502953E-08	0.000242829314038637	0.00050120683430951	0.999999844912803
-3.43813086886035E-08	0.000240206721772199	0.000501739460643728	0.99999984527911
-4.13901901043978E-08	0.000255942337974009	0.000501473043525642	0.99999984150914
-6.16873333557839E-08	0.000273764117581259	0.000501206759182505	0.999999836922481
-7.55245096057291E-08	0.000283896899818281	0.000501206759487677	0.999999834097151
-6.98408526614858E-08	0.000272750831307138	0.000500940445714354	0.999999837332811
-6.33814205406793E-08	0.000263631327513453	0.000500940447050087	0.999999839778581
-5.973708528231E-08	0.000262558441357768	0.000500674162910649	0.999999840194209
-5.973708528231E-08	0.000262558441357768	0.000500674162910649	0.999999840194209
-4.08086539358109E-08	0.000246942042685765	0.000500407749699879	0.999999844305843
-2.79308124566966E-08	0.000236988060980148	0.000500407847385348	0.999999846714311
-3.03800430078803E-08	0.000238060947699664	0.000500141564072055	0.999999846592688
-4.42383964204434E-08	0.000250041476989427	0.000499875149935557	0.999999843802034
-3.16312795088521E-08	0.000253558159880758	0.000499875210585142	0.999999842916504
-3.12983767329162E-08	0.000244200229792817	0.000499608832629965	0.999999845378619
-2.17125776223136E-08	0.000232756134183345	0.000499608964168315	0.999999848107721
-2.57533482196746E-08	0.000234365472221534	0.000499342616023768	0.999999847864877
-1.4935331436431E-08	0.000232219701684929	0.000499342614206253	0.99999984836547
-1.6891724826931E-08	0.000218093404704961	0.000499076303129796	0.999999851679044
8.93788780919758E-09	0.000177323837006426	0.00049907630992933	0.999999859739537
4.82237041371749E-08	0.000116407900235748	0.000499076319295529	0.999999868686004
9.82099857296483E-08	3.9935165561804E-05	0.000499076264918964	0.999999874664019
1.35425344341741E-07	-3.52858865696244E-05	0.000499342589956731	0.999999874705925
1.70724776772685E-07	-8.71419080789234E-05	0.000499342660318777	0.999999871531575
1.71455008395468E-07	-9.05393727834684E-05	0.000499609009094568	0.999999871096707
1.62692769205548E-07	-5.87104980180205E-05	0.000499608941664398	0.99999987347197
1.32671541124977E-07	-5.90079383430464E-06	0.00049960893545257	0.99999987517803
1.13539972716389E-07	5.00679627946778E-05	0.000499342578548382	0.99999987407508
8.10164281483179E-08	0.000106513550310933	0.000499342634002287	0.999999869655887
5.1642501299995E-08	0.00015366081441722	0.000499076309442027	0.999999863655585
2.1244688272428E-08	0.000196576139684376	0.000498810018398043	0.999999856273183
7.75160088227352E-10	0.000228226202794656	0.000498810012337561	0.999999849550675
0.000235178251650021	0.000260244017606903	0.00232114774712443	0.999997244614893
0.000291272940159987	0.000281078094622273	0.00484019310690746	0.999988204273364
0.00018115302180307	0.000297198618734807	0.00594808069552215	0.99998224943876
0.000106295745338889	0.000304852565060249	0.00643278746425458	0.999979257290654
6.76745014138108E-05	0.000313380931792689	0.00664451585704534	0.999977873566
4.76183706855471E-05	0.000315338506317213	0.00673719690584486	0.999977253977294
3.58348042234463E-05	0.000319790688939457	0.00677741427830951	0.999976981287811
2.77106825592005E-05	0.000318484426233843	0.00679525968466631	0.999976860855093
2.14567109307926E-05	0.00032023029262966	0.0068029846138232	0.999976807927321
1.64535562473855E-05	0.000317037221622767	0.00680644727691674	0.999976785476617
0.00022002719620605	0.000322238471181216	0.00841754608690543	0.99996449570386
0.000531595292329873	0.000328298289395116	0.0128356429323543	0.999917424539242
0.000703868228394546	0.000335999716284856	0.01839158594794	0.999830556264424
0.00098185058340426	0.000352348426650746	0.0259479248484955	0.999662751639809
0.00127726978560441	0.000382567790859248	0.0359913179516598	0.999351213165763
0.00132590671519621	0.00035086693578235	0.0472017554143485	0.99888443433141
0.00164580379892605	0.00026028749671607	0.0599750956642743	0.998198483008432
0.00193157747191157	0.000286286774164343	0.0751242505765547	0.997172268980473
0.00203990548428397	0.000329029402830798	0.0910260186742082	0.995846370907476
0.00222585957706429	0.000400328584627114	0.108550869405637	0.994088323056582
0.00239340674785012	0.000485595064592798	0.127783808121556	0.991799039212847
0.00247630272980343	0.000554572565380575	0.147929225994084	0.988994693853739
0.0019203959927973	0.000569800120820486	0.165458112129957	0.986214784181136
0.000951134784170971	0.000410335991965474	0.175320847547001	0.984510806127793
0.000210105003670029	0.000251310898917014	0.179286356348841	0.983796876964893
-0.000315569145637838	0.000193625375537336	0.180761303140632	0.983526926022988
-0.00043344214961751	0.000152174385188177	0.181276803184519	0.983432005579471
-0.00036236891508795	0.000149817813399612	0.181461656010134	0.98339794266688
-0.000329110282314895	8.25345036295336E-05	0.181526059020142	0.983386076152746
-0.000300221058100726	-2.08018426531687E-06	0.181525264460137	0.983386235527865
-0.000274421779484701	-8.0228838258406E-05	0.181505845456651	0.983389824190329
-0.000358957448882727	-0.000250121839866137	0.181588546579272	0.983374500554007
-0.000182941348437007	-0.00031780084728837	0.183271431350713	0.983062280827489
0.000285697966920038	-0.000214423914270936	0.187655189654595	0.982234901739271
0.000554104162982067	-0.000156508284682371	0.193159899000202	0.981167122304842
0.000891800359162217	-0.000100086747096748	0.200914196277303	0.979608432185538
0.00125926596940686	-2.43718960911332E-05	0.211595141787414	0.977356592870378
0.00150338908378528	2.92488742676678E-05	0.223659091329346	0.974666276133271
0.00183814949544153	0.000131238425776558	0.23799531222092	0.971264554765474
0.00224718031579479	0.000277626854844126	0.255538026821816	0.966796353919465
0.00265002800439226	0.000371157482440749	0.274618365115943	0.961549579135026
0.00309888610660538	0.000544561946710715	0.295973179089619	0.955191068643739
0.00352536170067368	0.000786008001569638	0.320296945886904	0.947310308437432
0.0038406751786363	0.00102317294352491	0.346279533243839	0.938122959524885
0.00419032423348747	0.00132418200800865	0.374248115777401	0.927318195422636
0.0042465843848133	0.0014872389939958	0.40199610335189	0.915630322527129
0.00340095439091905	0.00116135805074037	0.42101064224673	0.907048578562199
0.0023088557352824	0.000651451788780545	0.429838911535155	0.902902406091619
0.00160052030971314	0.000302878268388029	0.433523919595829	0.901140587110448
0.00119843675164664	0.000100749278346079	0.435080776796445	0.900390621486662
0.000952924971296046	-2.4796269187335E-05	0.435752378659315	0.900066084135989
0.00103585470283371	1.05189535702107E-05	0.437985810410607	0.898981288333272
0.00130580269871515	0.000142131898437981	0.443419954724431	0.896313013645355
0.0017109703245634	0.000362055874907757	0.452206379486423	0.891911616612248
0.00217599994229447	0.000641570393121035	0.464819393161493	0.885402611896229
0.00251812313809385	0.000875731564525567	0.479452226001722	0.877563932219232
0.00293391437621485	0.00119912512290916	0.496530488996767	0.868013495138183
0.00338135285046359	0.00161658644966024	0.516595226704557	0.856221539583781
0.00368322597339985	0.00202544782120423	0.538056861730872	0.842898063203302
0.00397141429245934	0.00251685496241671	0.561016933428465	0.827790972236432
0.00423180721877293	0.00306007731390408	0.585790674224164	0.810445564937273
0.00437236240778961	0.00354468775644223	0.611373218457527	0.791322377661954
0.00448242226891282	0.00404729862911174	0.637577535688113	0.770362520668213
0.00456610806985528	0.00457123862725895	0.664660949445273	0.747117177367122
0.00432819728090173	0.00472463897880319	0.689655851720262	0.7241089356463
0.00348567006061615	0.00407540410956103	0.706702993476407	0.707490014203069
0.00251417643461924	0.00312336887588888	0.714918472153638	0.699196325546144
0.00187998948793929	0.00240550191550594	0.718641251557019	0.695374309822143
0.00149127638269938	0.00188734861447757	0.720331049495234	0.693626263302546
0.00123297908092748	0.00147820123686869	0.721090746831113	0.692837953289394
0.00103987842967625	0.0011367952351479	0.721430186937308	0.692485459576622
0.0008870788365303	0.00084724195650487	0.721578658108701	0.692331376895668
0.000748969442556887	0.00061794045023784	0.721644572474655	0.692263077313998
0.00063003910514685	0.000436406860623145	0.721674109702763	0.692232541841614
0.000536304287237865	0.000289018924235833	0.721687456708735	0.692218783098993
0.000453731220303278	0.000180548569978743	0.721693621400657	0.692212451751483
0.000360880664754618	0.000123010309349853	0.721696168569384	0.692209863340506
0.00026288925571886	0.000103681066523932	0.721697462516175	0.692208561589056
0.00016811276635498	0.000107680163028734	0.721698245740594	0.692207773893092
9.20027977170307E-05	0.000114435758957349	0.72169856736509	0.692207451782425
4.1731260085184E-05	0.000112395645272609	0.721698567624756	0.692207456702177
2.4085253759354E-05	9.13284925159383E-05	0.72169857060321	0.692207457535882
3.28354167508049E-05	5.42975298337463E-05	0.721698574394429	0.692207457118647
6.12243533948636E-05	5.53762423551885E-06	0.721698576374273	0.692207455233083
9.50575943948935E-05	-4.30569382127894E-05	0.721698574878401	0.692207451656394
0.000115373250750593	-7.46599874638307E-05	0.721698572054692	0.692207448825219
-8.47920857135616E-05	-0.000262201915319265	0.720258888774523	0.693705310057338
-0.000419530760250142	-0.000530834300191532	0.716285346690665	0.697807168439191
-0.00043666733543474	-0.000453197178476009	0.712982531074061	0.701181513102835
-0.000340010004451882	-0.00026270402878272	0.711436264609811	0.702750493971957
-0.000294818704101942	-0.000128988807202555	0.710717399364227	0.703477558053396
-0.000281889177457178	-4.34983606486656E-05	0.710384038833762	0.703814205608708
-0.000283488582574082	1.88846783364424E-05	0.71022990264924	0.703969746978124
-0.00028315499749921	6.47106968338268E-05	0.710158654402256	0.704041618949726
-0.000276113572678484	9.63732904232839E-05	0.710125650397143	0.704074907322735
-0.000251701479580787	0.000105929481372738	0.710110085857505	0.70409061305258
-0.000210536349396958	9.43691841303782E-05	0.710102821516793	0.704097954579327
-0.000151662824860258	6.03719889224765E-05	0.710099543886255	0.704101279026067
-8.67017694612097E-05	1.58370411111367E-05	0.710097999390993	0.704102850081507
-1.87063169375617E-05	-3.54575861004412E-05	0.710097248656956	0.704103611581885
4.40461850458188E-05	-8.49290007559783E-05	0.710097244414687	0.704103610501797
0.000101997210921772	-0.000132639806136526	0.710097236990958	0.704103604607346
0.000151434502028935	-0.000173783913443892	0.71009727484083	0.70410354858527
0.000194794616421202	-0.00021115246810061	0.710097170779062	0.704103632657342
0.00023073568139609	-0.000242289427786856	0.710097535689765	0.7041032437535
0.000260400393685427	-0.000268328013365858	0.710097948067665	0.70410280807692
0.000281732742041617	-0.000286855004130665	0.710097940694508	0.704102799996057
0.000297695888487568	-0.000300807864842942	0.710098309844376	0.704102415311826
0.000308265564636801	-0.000309787768396683	0.710098680940014	0.704102032613976
0.000315388692690575	-0.000315725250614475	0.710099053303426	0.704101651287026
0.00031953072944192	-0.000319082118932484	0.71009923928806	0.704101460337381
0.000321895224098007	-0.000320676203455953	0.710099613581758	0.704101081053904
0.000322887024222619	-0.000321284332456065	0.710099847692453	0.704100844217292
0.000322887024222619	-0.000321284332456065	0.710099847692453	0.704100844217292
0.000320468905890727	-0.000318135951476709	0.710100552306015	0.70410013613398
0.000299306228213269	-0.000297152139917292	0.710100514674263	0.704100192569023
0.000246375513679398	-0.000244293649986384	0.710100535169924	0.70410021273332
0.000170236243265929	-0.000168789894533365	0.710100557507036	0.7041002348798
8.90003503444796E-05	-8.8183113334252E-05	0.710100572341723	0.704100249582851
2.15153760668011E-05	-2.12206607379231E-05	0.710100577588443	0.704100254789992
-1.84734501611368E-05	1.84474100206693E-05	0.710100577667288	0.704100254874978
-2.52351315010691E-05	2.51726863919397E-05	0.710100577457209	0.704100254668653
-4.1173890963564E-06	4.2282317294247E-06	0.710100812289694	0.704100018712318
3.21652498226578E-05	-3.17280903061604E-05	0.710100811581469	0.704100018001749
7.36040821449435E-05	-7.28120214807154E-05	0.710101136653432	0.704099683996771
0.000114332978394762	-0.000113172816396723	0.710101131277317	0.704099678652503
0.000151418066475948	-0.000149928281209862	0.710101358742762	0.704099435382364
0.000183635149534556	-0.000181858043203654	0.710101538668517	0.704099238734419
0.000208198780831023	-0.000206184178839067	0.710101860055526	0.704098901069327
0.000209807467600679	-0.000207778636057476	0.710102093973846	0.704098664210367
0.000174937881041044	-0.000173190794264435	0.710102103411	0.704098673577049
0.000113097349590195	-0.000111879363420293	0.71010211592869	0.704098686013257
4.12225801691975E-05	-4.06247954746466E-05	0.710102123711405	0.7040986937574
-2.89956343376164E-05	2.89989598069055E-05	0.710102124291319	0.704098694357027
-9.18194775686752E-05	9.12657256982749E-05	0.710101884537285	0.704098925447516
-0.000144524876553161	0.000143504939714716	0.710101688241067	0.704099105862292
-0.000187328275301331	0.000185921589616953	0.710101303207854	0.704099474168094
-0.000221031537232125	0.0002193153711325	0.710101106003191	0.704099653670467
-0.00024673198094503	0.000244780697383843	0.710100534999726	0.704100212610991
-0.000265667402928712	0.00026352404150641	0.710100340663164	0.704100394948028
-8.04455056341545E-05	0.000483313862063681	0.711663268346154	0.702520570818465
0.000218963301519467	0.000820206012730514	0.715893166181236	0.698209319568404
0.000591040968413606	0.00124957661351953	0.722714714148606	0.691145086926008
0.000980698212182923	0.00172412269015415	0.732303763667306	0.680975229616074
0.00125608854242327	0.00209066044648636	0.743213501963106	0.669049879964273
0.00154375161965674	0.00251650147418775	0.755576200407663	0.655054111832593
0.00182509289098944	0.00298660077416439	0.76981888024532	0.638252803260273
0.00199190428909743	0.00334922962431817	0.784671427333386	0.619899641962159
0.00215327637256021	0.00376648374063316	0.800306338992272	0.599575633902747
0.00228299804372651	0.00421010902236161	0.816831941608263	0.576855824336052
0.00232353957061449	0.0045584116170209	0.833497011321755	0.552500275262462
0.00232386577870251	0.00491227567331131	0.85018209903822	0.526460699074982
0.00229570542361187	0.00529435312270897	0.867134797799137	0.498040100802607
0.00221070351990194	0.00564968104513886	0.88392776110775	0.467584117605672
0.00207965311280582	0.00599710613692598	0.900562122001929	0.43468100277824
0.00187742908258607	0.00619798441516467	0.916296670795308	0.400447838474207
0.0015838528330085	0.00597469250365373	0.929967628339328	0.367589451291267
0.0011401623652069	0.00492097711822461	0.939297890410714	0.343065528848301
0.000671699299814627	0.00343250224922743	0.943958018196307	0.33004700669944
0.000387206126181063	0.002296998962712	0.945905172618869	0.324434859841
0.000278419203260285	0.00159635762123719	0.946709947264167	0.322083296487369
0.000253962118146705	0.00115385343657177	0.947042145147322	0.32110711521274
0.000343922700097905	0.00108310605511951	0.947789288153954	0.318895239630621
0.000475668661858096	0.00120950491145881	0.949464818791942	0.313870783466027
0.000633882210597184	0.00149669804583032	0.952110767353285	0.305748989823746
0.000782588963332519	0.00185431341211288	0.955803538709338	0.293999225282978
0.000877764097880168	0.002101900063795	0.959905733742305	0.280313741858936
0.000969957237692133	0.00247120053093951	0.964516702168575	0.264008491508795
0.00105788897777683	0.00295520929101443	0.96974996638062	0.244080212868112
0.00111193993343662	0.00351248596998859	0.975340770830888	0.220673529873665
0.00112421244561219	0.00412541403198871	0.981132037298996	0.193291599638895
0.0010717059301503	0.00461577730978225	0.986542953601977	0.163433615711435
0.00096088441485587	0.00515295744028723	0.991394493273964	0.130803220284595
0.000788044817124534	0.00572691011645007	0.995475740774123	0.0948400285538479
0.000600783939148455	0.00580054713898107	0.998192907748307	0.0598072874533509
0.000469374977172988	0.00482081023876107	0.999366871669261	0.035247628087101
0.000412018392455369	0.00351828371101286	0.999725276603011	0.0231694462947759
0.000406740183911901	0.00262804694377095	0.999838417867761	0.0177782475901559
0.000418807985091877	0.00206321227573813	0.999878968598696	0.0154147951327781
0.00043176225569722	0.00166085296514183	0.999895479898238	0.0143556409768011
0.000441555913918513	0.00133992234888015	0.999902467164728	0.0138948117786309
0.000447843140381049	0.00107191467502909	0.999905873103655	0.0136709680809066
0.000451494145455323	0.000847548920255635	0.999907313879913	0.013580922771332
0.000453537134344376	0.000662594647619054	0.999908159071602	0.0135288097939581
0.00045430233117077	0.000512779224448666	0.999908492515817	0.0135106351296063
0.000454353548738081	0.000393424931536748	0.999908720280118	0.0134977734257183
0.000453980034930875	0.000299616528201785	0.999908811691172	0.0134934218941266
0.000453293037813622	0.00022667713779952	0.999908873870124	0.0134902593999161
0.000452474396318057	0.000170435883953989	0.999908903027659	0.0134889534269613
0.000451535845442541	0.000127382992898712	0.999908922172862	0.0134880409273444
0.000450616365583545	9.45764425868845E-05	0.999908933212412	0.0134875232049458
0.000449744158776813	6.96903909400558E-05	0.999908942681156	0.0134870018793819
0.000448834734096586	5.08812150435172E-05	0.999908947700899	0.0134867440905401
0.000447928040654581	3.66946781631849E-05	0.999908952234037	0.0134864842045755
0.00044548084887243	0.000329440359681502	0.999938006465613	0.0111209820356912
0.000442864152015407	0.000435471037501835	0.999970629458092	0.00763900893475288
0.000442047635648969	0.000341674941060325	0.999983067504189	0.00579245690834308
0.000442107750311712	0.000275948776821089	0.999988313717407	0.00480633141047606
0.000442284407384047	0.000240288524036248	0.999990735814182	0.00427491891612956
0.000442356771373304	0.000216186182991574	0.999991935275544	0.00398584594441122
0.000442058114477215	0.000193927341097012	0.999992561517193	0.00382673321419689
0.000441656196041825	0.000170774351464112	0.999992900815367	0.0037381940550564
0.000441202702517736	0.000147088919796121	0.999993088193782	0.00368880328663964
0.000440518119439845	0.000124049000633424	0.999993194828806	0.0036607173764527
0.000439901806597337	0.00010268913376549	0.999993256339302	0.00364461483041932
0.000439056787944247	8.36616005035764E-05	0.999993292865207	0.00363516911213561
0.000438400634884884	6.7239597528422E-05	0.999993315163659	0.0036294506079073
0.000437575342411021	5.34019379923605E-05	0.999993329862859	0.00362572831919418
0.000436878152172686	4.19677873030513E-05	0.999993337452079	0.00362386915294575
0.000436129085842033	3.26605488963633E-05	0.999993344865445	0.00362200904570409
0.000435446325409644	2.5183017973938E-05	0.999993348743034	0.00362108022640495
0.000434649968589827	1.92498709350705E-05	0.999993350658331	0.00362068335707164
0.000434036946252557	1.45607015524054E-05	0.999993354370875	0.00361975330667291
0.000433248774951382	1.08952263343963E-05	0.99999335668137	0.00361922228112301
0.000432642427717661	8.04575738296639E-06	0.99999335889395	0.00361869089466214
0.000431799971787408	5.8434392036015E-06	0.999993359269894	0.00361869185626762
0.0004311977795844	4.14139220796366E-06	0.999993361944628	0.00361802681074308
0.000430418208232061	2.84094969632917E-06	0.999993364209902	0.00361749474873169
0.000429818550015694	1.84700291288022E-06	0.999993365431958	0.003617228866136
0.000429818550015694	1.84700291288022E-06	0.999993365431958	0.003617228866136
0.000428442803840266	5.14805110272968E-07	0.999993368911472	0.00361643050294834
0.000422963911066139	0.000310637997015993	0.999999165574415	0.00118044738892251
-0.000419171639835546	-0.00045730649482404	-0.999996240617819	0.00267093918605048
-0.000419160113090538	-0.000408282964221652	-0.999986960020419	0.00507320401140054
-0.000419512938525661	-0.000379464313328931	-0.999978189056363	0.00658038200158106
-0.000419732411026937	-0.000373989767668506	-0.999971477790538	0.00753177016141619
-0.000419580122299613	-0.000372539823710291	-0.999966751102697	0.0081352231510519
-0.000419508659070829	-0.000364242072601596	-0.999963546121237	0.00852043243262794
-0.000416118677675957	-0.000346415800039087	-0.99996141882623	0.00876742267565136
-0.00038589415030414	-0.000320787725823277	-0.999960054491379	0.00892399028116453
-0.000304900353581929	-0.000289581922606597	-0.999959218920273	0.00902129006533168
-0.000184256930708711	-0.000254636034294595	-0.999958686919258	0.00908436374149091
-4.92038888311329E-05	-0.000218972386653594	-0.999958323459172	0.00912693676946628
8.2402158014307E-05	-0.0001849992494379	-0.999958054479279	0.00915686994431871
0.000200620961571646	-0.000154032681967873	-0.999957844163923	0.00917855763188167
0.000301585000150194	-0.000126688115642368	-0.99995767470679	0.0091946610377417
0.000384699452583511	-0.000103023990738719	-0.999957542339244	0.00920624305828502
0.000451394110033136	-8.28944394897079E-05	-0.999957435367686	0.0092150325419492
0.000503156655656389	-6.59974193211032E-05	-0.99995735787959	0.00922089476081781
0.000542666098753361	-5.19454713366183E-05	-0.999957296249854	0.0092254263779225
0.000571945862011165	-4.03788718621386E-05	-0.999957250934885	0.00922862667054053
0.000592602133343669	-3.09402870717812E-05	-0.999957219538412	0.00923076152969718
0.000606658259373456	-2.32672380421935E-05	-0.999957201447006	0.00923183073196492
0.000615363504758902	-1.70949934070987E-05	-0.999957188844454	0.00923263309219664
0.000619848193534798	-1.216889599067E-05	-0.999957183661048	0.00923290229555613
0.000620884867368931	-8.24341244355598E-06	-0.99995718180631	0.00923303785381721
0.000619783396354538	-5.15112535405696E-06	-0.999957183721825	0.00923290664546747
0.000616601745047993	-2.7189293369751E-06	-0.999957188142692	0.00923264191101264
0.000611994572595645	-8.29682165398966E-07	-0.999957194652952	0.00923224370094055
0.000606199239262991	6.2595392779474E-07	-0.999957200632738	0.00923197838111301
0.000599751496493964	1.72788045691568E-06	-0.999957208200236	0.00923157968857741
0.000592531194897108	2.57366396041612E-06	-0.999957216185007	0.00923118083943628
0.000585134136766686	3.19721634664474E-06	-0.999957224222256	0.00923078184888157
0.000577380882855836	3.66684346491264E-06	-0.999957231182317	0.00923051591537119
0.000569330784484353	4.00499429974632E-06	-0.999957241939468	0.00922985044456808
0.000561341269728498	4.23934490576555E-06	-0.999957247682403	0.00922971751684881
0.000553173601621651	4.4026591051476E-06	-0.999957258376541	0.00922905193696917
0.000544887311689717	4.49804550765798E-06	-0.999957266611118	0.00922865262144317
0.000536839768357093	4.55950081649841E-06	-0.999957272191426	0.00922851958641324
0.000528852279011532	4.57440395370247E-06	-0.999957283819607	0.00922772076173582
0.000520626507879696	4.56940056797034E-06	-0.999957288135469	0.00922772084099574
0.000512639244946578	4.55979298058516E-06	-0.999957293490236	0.00922758776147677
0.000504950314706625	4.5168659005054E-06	-0.999957303545624	0.00922692205136857
0.000496903625636378	4.48575163628951E-06	-0.999957310033431	0.00922665580646706
0.000489214834509556	4.42775444585783E-06	-0.999957313824492	0.0092266558485446
0.000481466467887044	4.36795469012063E-06	-0.999957322499406	0.00922612328018179
0.000474016054534743	4.315963926995E-06	-0.999957328515801	0.00922585701683166
0.000466565827533406	4.24377191434628E-06	-0.999957335705157	0.00922545759094351
0.000459115521123751	4.18018673028988E-06	-0.999957339153558	0.00922545762557481
0.000451963246385715	4.11590640400358E-06	-0.999957348553815	0.00922479189506545
0.000445049343195018	4.05832671616565E-06	-0.99995733445611	0.00922665605967559
0.000437540024544872	3.92821287745277E-06	-0.999957464222647	0.00921294137127442
0.000430086142717079	4.25113413296183E-06	-0.999956988895427	0.00926473782835051
0.000422044719502163	3.65242695051333E-06	-0.999957910154116	0.00916513966758777
0.000413039832541192	4.10469371991881E-06	-0.999956737856663	0.00929256672339324
0.000404820839140723	3.367608583077E-06	-0.999958078216085	0.00914756356314181
0.000397900915031547	3.96358432685417E-06	-0.999956753893861	0.00929150155804595
0.00039200564388841	3.33023143378095E-06	-0.999958161241685	0.00913904188815982
0.000386397725535091	3.85813927512448E-06	-0.999956723755454	0.00929522986113868
0.000381336482767546	3.27453935536122E-06	-0.999958218895041	0.00913318323590775
0.000376503739994292	3.76777265832742E-06	-0.999956687913139	0.00929949076686101

