0.575185236371376	-0.000107099428852687	0.000638851076106486	0.00358032230050918	1.39787237302701E-05	0.000630839209048678
0.859797954833992	-5.04248103197704E-06	0.000688042866671323	0.00413458854119272	4.04530297929703E-06	-0.00196208237266993
1.13849425343715	5.78708566461105E-06	0.000653641969100056	0.00390115883060672	5.34301824069578E-06	0.000223645519416115
1.40632033365892	1.45412292063733E-06	0.000561848387630356	0.00314932686870836	1.74975199530506E-06	-3.62346343973301E-06
1.66181993503491	3.42257332129317E-07	0.000442024709540795	0.00216576114089865	2.93034872745331E-07	-3.36198689739183E-06
1.91134345552646	-4.93584288634928E-08	0.000313284323364121	0.00122239081030921	-4.69824204984603E-07	-3.59917239616752E-06
2.15819335007651	-9.6577264490534E-07	0.000191362111766953	0.000455237479801647	-9.31793670089348E-07	-3.86564241634836E-06
2.40414667156239	-9.56899574704951E-07	8.6815158644914E-05	-8.8353156835052E-05	-7.47849944602786E-07	-4.15569945076906E-06
2.6501894000169	-8.57540660904538E-07	4.1873170415032E-06	-0.000414975763628451	-4.71111782426895E-07	-4.45438795583627E-06
2.89688420328412	4.56329047400245E-07	-5.36953427412583E-05	-0.000559229108994225	-3.94132988649561E-07	-4.77377091021194E-06
3.14455723797964	6.51919281105561E-07	-8.89677682047105E-05	-0.00056890094805562	-1.42490189256579E-07	-5.0949718450757E-06
3.39340424576174	8.83802842263385E-07	-0.000105407027215555	-0.000491141715674648	-9.59700213461275E-08	-5.42857456636492E-06
3.64354229014812	1.0134798392627E-06	-0.000105478328668302	-0.000367800069047603	-1.48490058222823E-07	-5.77026854532242E-06
3.89504790350535	1.12544341790145E-06	-9.49816563588113E-05	-0.000230667526196598	-1.03702533912504E-07	-6.11525155016993E-06
4.14796781587421	1.21404798093341E-06	-7.85603151462575E-05	-0.000101532528919911	2.2737566158516E-07	-6.46506472446736E-06
4.40233707478577	1.30000761916848E-06	-5.89509280964103E-05	6.52585049453391E-06	-3.52390511812613E-08	-6.82392462480359E-06
4.65813779884566	1.35131428099218E-06	-3.95445127148509E-05	8.78975309992642E-05	2.94156189293936E-07	-7.1861014887015E-06
4.84609890039765	1.23571874652289E-06	-2.18984926340288E-05	-0.000699419053103028	2.42859052562289E-07	-4.73334916299186E-06
4.84524059351319	1.21484285755723E-06	-6.9665610052024E-06	-0.00287053291372584	3.3116354032246E-07	-7.40993151053304E-07
4.84431743677411	1.78910182562781E-06	5.63848884766587E-06	-0.00385886788451113	4.4938960776986E-07	-1.03517669069284E-07
4.84340572412662	1.71392406684067E-06	1.24774537694577E-05	-0.00398399666437309	4.07454273693284E-07	-3.88585853819289E-09
4.84250211771429	1.88501295807987E-06	1.62719458035615E-05	-0.00355538039249923	1.98247845120085E-07	1.12137617410446E-08
4.84160184916195	2.05758272881047E-06	1.71268923858875E-05	-0.00283605147946745	1.42297911406165E-07	1.36536917469389E-08
4.84070491846799	2.13018764112408E-06	1.67306194899768E-05	-0.0020272253995353	5.64003810482882E-07	1.36389331956781E-08
4.8398075109353	2.07348361942931E-06	1.40193949147705E-05	-0.00126527719657235	5.0768682179711E-08	1.36441853985804E-08
4.83890628870587	2.05230735295523E-06	1.06176076038568E-05	-0.000629537732106781	5.94651952180368E-08	1.58696997271693E-08
4.83800458963915	2.02143253685497E-06	7.39297415659338E-06	-0.000153233581777873	3.72134508832514E-08	1.52698681941592E-08
4.87102031763914	1.9911501883035E-06	4.4027148034182E-06	0.000593229080658089	-2.62484425593406E-07	-1.44354812957386E-06
5.17502069534083	2.20904521197555E-06	0.00234719203388342	0.00376732796382346	-1.44833592424282E-08	-7.90189054228393E-06
5.44538927140021	1.25660863195917E-06	0.00175846905992244	0.00482769936150078	3.4961821379559E-07	-8.54116491665935E-06
5.68963909212244	1.48847662194841E-06	0.00116115185279698	0.00456297022602525	-3.12138572260937E-09	-8.19729535501661E-06
5.91577577653307	2.45393472856449E-06	0.0006237977956902	0.00360591829544701	-1.53023818500708E-07	-7.8433154039816E-06
6.12944030821967	3.60768987570075E-06	0.00018396425018831	0.00241126324158625	-3.12389456719219E-07	-7.6124313740366E-06
6.33457374630217	1.74414693393642E-06	-0.00014169128226976	0.00127138829302881	-1.8740872696064E-07	-7.49306690996406E-06
6.5339117055933	1.71680068930034E-06	-0.000352958272307918	0.000345131178130639	-7.11522256805598E-08	-7.44197957562232E-06
6.72935056745302	1.78544067784308E-06	-0.000462681268094173	-0.000307058507552677	7.46429425114987E-08	-7.46798903997329E-06
6.92220211090115	1.8630626661659E-06	-0.000490208481216916	-0.00069160902111718	2.24704613817363E-07	-7.54119945456028E-06
7.11337614121647	-3.32616557090801E-06	-0.000455254531729948	-0.000851581713828296	1.74629218452338E-08	-7.64124019308716E-06
7.30350160662674	-3.9143596029963E-06	-0.00038492145300819	-0.000846404739329385	8.05097741901743E-08	-7.77057586615138E-06
7.49301385945711	1.80646926670013E-06	-0.000295552061655987	-0.000736278997102568	3.71274703176887E-07	-7.90903649073502E-06
7.68221664497069	1.82159847012682E-06	-0.000201714887249855	-0.000573689696605584	-7.8553335553795E-08	-8.07832963771221E-06
7.8713216788678	1.89317658023212E-06	-0.000115519515823211	-0.000398335428078984	2.4456032977652E-07	-8.24459332516692E-06
8.06047916483727	5.49259052360126E-06	-4.33049255886405E-05	-0.000237101082307018	5.48231978919616E-07	-8.43153292147527E-06
8.2497920996925	8.39804029401371E-06	1.00823421612896E-05	-0.000104639742538307	-9.84258538001368E-08	-8.61778423514564E-06
8.43933296268391	6.83558991944138E-06	4.69886845932693E-05	-7.00149341808198E-06	-2.61857558212022E-07	-8.8222818961512E-06
8.62915420591059	5.15038181122588E-07	6.81480407164948E-05	5.72514046873149E-05	-4.00577606300104E-07	-9.01875687377344E-06
8.81929397634742	1.23228281853811E-05	7.522109839209E-05	9.2763505369168E-05	-4.35363150495741E-07	-9.22992097119299E-06
9.00977706954934	8.8830196128189E-06	7.20294853709686E-05	0.000106388401027745	-4.58165870161813E-08	-9.43534819472808E-06
9.19300460854622	1.13820217635329E-05	6.2500311992594E-05	1.3347528422579E-05	-2.26218486400042E-07	-9.30628529493074E-06
9.33044147524683	1.03743949835231E-05	4.86971108598082E-05	-0.000549899527744798	1.17005746774876E-08	-7.70107760619052E-06
9.39397716552554	6.43037417972738E-06	3.40209906096336E-05	-0.00160772187194223	1.6760952129187E-07	-4.60281064617358E-06
9.39917182951234	4.66592829060328E-06	2.20020099610349E-05	-0.0026478749615411	3.58770499786943E-07	-1.65578554154254E-06
9.36715412167649	3.46875855321947E-06	1.03074907222529E-05	-0.00331469226757114	-9.18210469373882E-08	5.06595673171786E-07
9.31177616146604	3.05833867036367E-06	6.05361094567418E-07	-0.0035182311158129	5.78297358247472E-07	1.98721153724177E-06
9.24174022701522	3.01270204499727E-06	-6.49958345329128E-06	-0.00332016033025853	5.78424855621741E-07	2.94544180058483E-06
9.16260814693447	2.95602974647359E-06	-1.13427722563053E-05	-0.00284466228030059	5.28843171297954E-07	3.5517550559656E-06
9.07795047786492	2.94225861042005E-06	-1.33317159824363E-05	-0.00222742216266104	1.14247520772581E-07	3.91235953690713E-06
8.99006748225523	2.69627360208523E-06	-1.37540851409419E-05	-0.00158243432515408	4.11627844364652E-07	4.11740680810774E-06
8.9716835033799	-3.18885762438465E-05	0.000200143602386104	-0.000363693040322578	-0.000505538227474135	8.16649879602584E-05
8.96806181313252	-0.00120786838299518	0.00690948520563328	-0.00381284591214617	0.00176345944932315	-0.000144205833037489
8.94569841717001	-0.206977054659143	0.0153780203655766	-0.00781000441796914	-0.00149227930024812	-0.117146797135269
8.91818556407735	-0.336201692155041	0.0622103482534596	-0.0323688671595285	0.0011178499041418	-0.189350270806686
8.89737803964687	-0.377504535538098	0.120803308701272	-0.05611342834635	0.0243769683189583	-0.215230337647858
8.82565260557334	-0.584376954102325	0.221308326508768	-0.0999374168816636	0.00999023609432208	-0.335927411477069
8.76768781890029	-0.704957649115862	0.313987652073898	-0.133541990786989	0.0180889724273884	-0.403838551906308
8.73879283914469	-0.738708785501707	0.371691453848467	-0.139914061425816	0.0460266016879448	-0.424622493554045
8.7305859596111	-0.737572631291303	0.327267681308462	-0.094502870492707	0.0281275542581711	-0.425497408551163
8.67258210784384	-0.887529290204461	0.276719470495901	-0.0579924549429691	0.00432065949738221	-0.510797958923697
8.34612819439913	-0.956999705137773	0.219848378105195	-0.0287020001858958	-0.00432471301581483	-0.556194269444215
7.88693304303413	-0.972416571283648	0.173233178143622	-0.00394626586149561	-0.0025311827327144	-0.555461800275902
7.48101873801506	-0.98250986445531	0.144923326774037	0.0181813487471059	-0.0178055642337281	-0.540965715119896
7.0669534721275	-1.11840862581562	0.13318894479136	0.0336738514637755	-0.0177632595036933	-0.601436050042481
6.70070374534417	-1.20805682935944	0.148588855367152	0.0576150975000725	-0.0278066162990868	-0.626506915386432
6.38831722063677	-1.23563030442353	0.164660336747737	0.0736627944026179	-0.0469176454544149	-0.618690004954832
6.04659165788547	-1.36153248534175	0.183019637963221	0.0822298091223746	-0.0537888881888744	-0.676911300336844
5.76207364376337	-1.42286911132269	0.187625046072233	0.0874303718424325	-0.0331301067899924	-0.698874123530619
5.53014090713863	-1.41310534721489	0.183380255437776	0.0889015103509706	0.0123404247817493	-0.689485482002681
5.32388046764178	-1.38040639028922	0.17713635865522	0.0779337890665621	0.0314471637510089	-0.671254679602489
5.05345017077135	-1.46848926387159	0.176119566043322	0.0665066225598444	0.0379040560705548	-0.721507264370766
4.82268877609381	-1.50845529288209	0.16766777563637	0.0325928951832584	0.0483439471492881	-0.734859754865178
4.63336333774834	-1.50453619776644	0.162508770170099	0.0107459808744431	0.0490611946874953	-0.7209302905206
4.46445291664778	-1.48674006530459	0.150018450597883	-0.00581337845327709	0.0378731966914236	-0.701260848499548
4.22469058511179	-1.57205255285763	0.129916176244546	-0.0213467861799633	0.0170015288529034	-0.739528808888305
4.02853342569156	-1.61999236298087	0.107444014498312	-0.0271921813431188	0.0013861723565315	-0.747005101016484
3.87698473587189	-1.61665532541822	0.0878342969764144	-0.0256153881601156	-0.00666516452050642	-0.73386925867675
3.7449975160228	-1.59029415608503	0.072704475070001	-0.0211866407328817	-0.0104095164781441	-0.715677871060692
3.62276450718411	-1.55511931158834	0.0620451415825388	-0.0165515212077072	-0.0121757665249767	-0.696425546645373
3.49594005827655	-1.52182118036057	0.0761621708043199	-0.0440870297884185	-0.0286734752339076	-0.673569565801013
3.37729575599644	-1.48961886119548	0.0828196340151435	-0.0478248720856964	-0.0285081865569707	-0.654417975453926
3.26884095090627	-1.45125020086282	0.0820939597023034	-0.0367225987484008	-0.0207995440266549	-0.637110757319774
3.16892111231631	-1.4084617072704	0.0741430655441379	-0.0173019719148645	-0.0111537659730912	-0.620687042877255
3.07391113434368	-1.36523770817003	0.0648729388335631	-0.00246870715816547	-0.0056219663506709	-0.60407717347454
2.98128611803367	-1.32475242477587	0.0564001843960156	0.00563400519118455	-0.00395820119242783	-0.587327488114595
2.89062561041727	-1.28754629069975	0.049025209420513	0.00902683652968862	-0.00434403705832607	-0.570796248543065
2.80212498607996	-1.25293320469421	0.0429145353229074	0.00951821575824076	-0.00548910894208687	-0.554651000882027
2.71303975083561	-1.21802925233264	0.0380748956224029	0.00853947024797436	-0.00656760179859569	-0.536978696651939
2.66310748923325	-1.19768840206146	0.0350541506761249	0.00653797829265777	-0.00807410885491554	-0.526537207676551
2.67206278221351	-1.19973592167551	0.0338499513138887	0.00409880205397045	-0.00993686364130391	-0.526884583751239
2.74862392701946	-1.22727351795245	0.0341853311151949	0.00167206569040625	-0.0119300940756061	-0.539709601902247
2.87412377675106	-1.27056602118603	0.0429521137027527	0.0142006178360344	-0.0131679677606805	-0.563188662573144
3.03344740437189	-1.32378173158541	0.0500813942359631	0.0208606947825912	-0.0156729922177659	-0.590850184446498
3.36860563301257	-1.11863239385057	0.0551973881855742	0.0359974948849779	-0.0150562269958442	-0.48524872326894
3.71496322584549	-0.706717721501302	0.0568802936416065	0.0455433086903119	-0.0126803731337087	-0.300952582934249
3.97793173108066	-0.221684011364151	0.057128123683254	0.0446833573295685	-0.0102834137199343	-0.0851403196210733
4.22580123133612	-0.0365392562929168	0.0527231319435406	0.0201115829380601	-0.0138402224406275	-0.0129011065358869
4.47375294244527	-0.0143689023452893	0.0581838609811084	-0.0260744276664774	-0.0378587490425099	-0.00178364147703324
4.72620199377347	-0.0208101391621078	0.0496140262622422	-0.0412298990248191	-0.0421073232190269	-0.000297694206380835
4.86097234496328	-0.0235077840144933	0.0339232298357508	-0.0372985364624549	-0.033029195871219	-5.91220583535805E-05
4.85916957573377	-0.0192882616017898	0.0163686961243519	-0.0249053831717166	-0.0173798152812896	1.00572793704992E-05
4.85812386584697	-0.0121224598400433	0.00161987049542246	-0.0129962365225597	-0.00371245904313807	2.07185305655158E-05
4.84285738108265	-0.180328072472197	-0.00850598547333722	-0.013502123737269	0.00200081420162512	-0.0879195446004096
4.83373798604222	-0.258868106339295	-0.0145565753490802	-0.00807742740330513	0.0066905072030515	-0.121483222338245
4.83107771496326	-0.275340630565318	-0.0171416568723632	-0.00221297737456494	0.00920276016593167	-0.127486178849987
4.79871335079543	-0.439281648579972	-0.0171747382465433	-0.00619222300116522	0.00719278250553235	-0.210595588468523
4.7816768706725	-0.518060434165951	-0.0157039811207128	-0.00346665369578728	0.00637225789234108	-0.242602107594611
4.77687591417675	-0.536555224499154	-0.0131996877738414	0.000591292632251209	0.00554084968878872	-0.248427855702943
4.77484996551532	-0.539966850829812	-0.0102064918650196	0.00293493459872722	0.00422395320022439	-0.249371679993267
4.82158005626507	-0.701586105620702	-0.00711975005257612	-0.0037843220004552	-5.94834803923861E-05	-0.333369511829075
5.0946017709335	-0.812641925567146	-0.00281576042520433	-0.00414862215178067	-0.00399846095804359	-0.385547029433262
5.3497409644264	-0.863682610615209	-0.00204631732257051	-0.00110549416306289	-0.00497343200962831	-0.409727633314313
5.58478970127074	-0.894886750633828	-0.00192832324787884	0.000828805119631407	-0.00471139880460783	-0.426776891007378
5.73635423376696	-1.07671300691624	-0.00170166612972945	-0.00690889993630291	-0.00481125538206684	-0.527716555275779
5.90665705136174	-1.19181762204351	-0.00146752471282066	-0.00646669764175476	-0.00345240318321211	-0.582297509184735
6.09298309923659	-1.24643596556514	-0.00130221941194857	-0.00310606454500813	-0.00187888290555436	-0.608884711874351
6.28044862181484	-1.28009552620326	-0.00113969519558034	-0.000739320631354399	-0.000689187924205283	-0.628470730374257
6.38419933302993	-1.45035692129292	1.55782908412656E-06	-0.00749171869685319	0.000330568966476707	-0.728343265993863
6.51551065623668	-1.57015098953308	0.0017030981061005	-0.0074088569362489	0.00107014349539109	-0.78965376166134
6.67556103684545	-1.6321449269674	0.00335213141979187	-0.00419957825424338	0.00129196875460511	-0.821746517272477
6.98479767350393	-1.29824733248921	0.00202320182253846	0.0186364975415627	-0.00107270964875786	-0.635111655447506
7.2404788092594	-0.67315325145251	-0.0020628326044798	0.0419144479382671	-0.00335871270792933	-0.316697923668097
7.44074807842276	-0.234935634882618	-0.00489459415037266	0.0376688906239224	-0.00340196748947413	-0.10599664931619
7.63756862272143	-0.068977429345451	-0.00624444384213806	0.0181092935948625	-0.00206776071389861	-0.031040074611255
7.8321596186441	-0.0194599988671159	-0.00693008666795793	0.00170987906688198	-0.000784876160417104	-0.00893916859555457
8.0252164881706	-0.00728903897069222	-0.00722547358910439	-0.00705871263044422	-2.91720773563381E-06	-0.00264999846840639
8.21731936011225	-0.00511891573335044	-0.00728691944646389	-0.00978141201564355	0.00034243352468318	-0.000818596747237118
8.40886037911313	-0.00478841628626125	-0.00725240871173539	-0.00907326603852117	0.000423925278760885	-0.000265115849742466
8.57941896950482	0.204380931349859	-0.00717193103817913	0.00458068544876078	-0.00035099897505587	0.116870527461687
8.75641948876681	0.334108454390677	-0.00714683033553452	0.0070499668510363	-0.000381723343103093	0.187474673029971
8.94232922320815	0.382957933229676	-0.00707260872052711	0.00403272392986881	-0.00014448381998184	0.215285981069884
9.13641395523308	0.151597813363498	-0.00729163658614293	-0.012189780369916	0.00072425172989639	0.0867089714374004
9.32952216909752	0.0489194126319051	-0.00720202836872323	-0.0123001517523429	0.000648757159720705	0.0310531303423802
9.52186728057658	0.0134542107827617	-0.0071162695578734	-0.0075936907188734	0.000349671750755778	0.0111912707713801
9.71348442607787	0.00248166795333216	-0.00715217515805096	-0.00324504020209256	0.000102901698332265	0.00411128042009369
9.90442533485565	-0.000183289961595223	-0.0072850450528007	-0.000472169293651086	-3.77828299335076E-05	0.00154190785331783
10.0947239567728	-0.000355580526644417	-0.00745822856088119	0.000879389445846238	-9.18042699845925E-05	0.000588854305415268
10.2627058717115	0.210449684613289	-0.00773388952227925	0.0133091912401576	-0.000463936543358911	0.122580386450709
10.435430846358	0.344641053123609	-0.00778634522967338	0.0142880267361405	-0.000390041462792515	0.204910871384667
10.6271101815557	0.142951253607271	-0.00803114808713591	-0.00435078208595021	0.000179982502453977	0.0938223828999214
10.63756248238	0.0472405575862228	-0.0073878411960884	-0.00815787047268503	0.00214410163094709	0.0375550571320784
10.6346324731726	0.012536699294685	-0.00593507069071524	-0.00626831814797638	0.00307246372241487	0.0146544267275677
10.6316888362364	0.00147389312725532	-0.00423975720828081	-0.00349726496401233	0.00320383584652767	0.00567087124693073
10.6287534987426	-0.0011957953992438	-0.00263811060712618	-0.00137615546385915	0.00285378438725709	0.00218457049632031
10.6074147495823	0.205855466954631	-0.00130012286458178	0.0118157414754089	0.00214961806745897	0.12162060816098
10.6048332416708	0.0910345624161334	-0.00029135039613755	-0.000183469026348359	0.00169320843267363	0.0575956689076825
10.602007489793	0.0308400055139277	0.000391245241279892	-0.00362358072309453	0.00108968834100442	0.0226178900817175
10.5990998120234	0.00891273370212029	0.000780661334187027	-0.00316505382322771	0.000531950823283816	0.0087659070801043
10.5961805051455	0.00167040378849237	0.00092301578175762	-0.00188766821625972	0.000109537145264947	0.00337728149460018
10.5932590824484	-0.000292766897928648	0.00088770014960675	-0.000812223105749367	-0.000164012280912687	0.00129664242026617
10.7078642167586	-0.000560871578083516	0.000387562525797033	-0.00017172013619802	-0.00159025228940685	0.000510457890937548
10.7923182845805	-0.000385518040005417	-0.000613867159220542	0.000144059492465626	-0.00185418923848782	0.000200998718562148
10.8187714062217	-0.00017230735380766	-0.00141898094057526	0.000254901511893343	-0.00116460164506328	7.7995469268806E-05
10.8089163904323	-3.04673067073602E-05	-0.00173690936346165	0.000253815539039167	-0.000210754529121293	3.06089803837199E-05
10.7768284520955	3.76180479372545E-05	-0.00156644843273651	0.000205905784675434	0.000631297460009686	1.29951673326268E-05
10.7310608258458	5.74379768684408E-05	-0.00102395351343647	0.000148581502285804	0.00120217939420038	6.59466453551811E-06
10.6769210017644	5.22655013540097E-05	-0.000274750089310992	9.82516019069254E-05	0.00147593063805437	4.38373917176099E-06
10.617716495292	3.81076294853344E-05	0.000526020563059587	5.93728472126415E-05	0.00149629029652856	3.6829813474642E-06
10.5555102689962	2.34347988821715E-05	0.00126862388670573	3.45415195548406E-05	0.00133790672296302	3.50463410906204E-06
10.4915899405785	1.18270556333233E-05	0.00188365095413564	1.92632968698262E-05	0.00107819910255851	3.47476086472151E-06
10.4267567342607	4.13376771890572E-06	0.00234129054319198	8.04604791209638E-06	0.000783754589889665	3.49035110141903E-06
10.3615114393367	-2.99455746921584E-07	0.00264389708012782	2.66519215880839E-06	0.000502207455591259	3.4770377849612E-06
10.296163119472	-2.41173165463349E-06	0.00280984064764434	-4.46882804938762E-07	0.000263687814132067	3.46098937044857E-06
10.2309054149046	-3.06803862287763E-06	0.00286833225433724	-2.73347411413702E-06	8.13609041828374E-05	3.44655321356914E-06
10.1658575608024	-1.2309524280163E-06	0.00284954979356567	-3.09591308419079E-06	-4.28715010716891E-05	3.40788747600184E-06
10.1047070323882	-2.36799425124001E-06	0.0027796976367238	-4.26412174477058E-06	-0.000158057082759542	3.24016645800219E-06
10.0626921149497	-1.6388193467276E-06	0.00261857395508577	-7.56677207531814E-06	-0.000414980867587083	2.46602017995633E-06
10.0538273420945	-7.45352763981133E-07	0.00227944129248515	-1.55028070239806E-05	-0.000868136159831864	1.03434987847502E-06
10.0869470170104	3.58127416055787E-07	0.00166882148752743	-2.55913196954722E-05	-0.00147097401152749	-8.93360069175602E-07
10.1559399548983	1.65861920659038E-06	0.000762563734285654	-3.56224981692405E-05	-0.00201382194903731	-2.76440441838135E-06
10.2495690996561	2.86522568801462E-06	-0.000373795559338124	-4.06544649772051E-05	-0.00233119337886301	-4.3039425780713E-06
10.3602038168157	3.98548919636199E-06	-0.00161282784110245	-4.2547066478321E-05	-0.00239022036785974	-5.49181377196024E-06
10.4826600823265	5.05214907900453E-06	-0.00283684618501465	-3.9421485110708E-05	-0.00223016802738653	-6.3961927763092E-06
10.6133992531846	6.06958244209199E-06	-0.0039622183348455	-3.38883672690612E-05	-0.00192101390593995	-7.09177121026042E-06
10.7499815201127	6.741095113727E-06	-0.0049212577935702	-2.73167807742012E-05	-0.00153688659832114	-7.60769009717831E-06
10.8846466455148	7.17965680802069E-06	-0.00567710215220698	-1.86055770287103E-05	-0.00106806894751752	-7.76912869475977E-06
10.9849991287585	7.06075956879992E-06	-0.00606882422961927	-4.65875507172156E-06	-0.000260548977101192	-6.59014168045637E-06
11.0286624399423	6.21158766933583E-06	-0.00586469194847692	1.52523412259954E-05	0.000869705643365883	-4.10042476740425E-06
11.0290606491098	4.63707611794706E-06	-0.00503009617299582	3.34437763056185E-05	0.0018935855573439	-1.62889121493668E-06
11.0028329794559	3.25851527008259E-06	-0.00374749033096141	4.49813946715122E-05	0.00254114826070753	2.42551515942631E-07
10.9847117138528	2.11724623305765E-06	-0.00231907759266913	4.30544145955335E-05	0.00247738739884345	5.24513911601831E-07
10.9816224753207	1.74792793711243E-06	-0.00111987685460436	3.39976370904291E-05	0.00196648022950911	2.46797740433972E-07
10.9785340554325	1.45174208185384E-06	-0.000231751171295919	2.47534394610639E-05	0.00138958830275588	1.39689786894294E-07
10.9569415342123	0.206934760579076	0.000421627291807806	0.0120455982849153	0.000862810162744612	0.121553929265187
10.9365983338916	0.33969471079983	0.00112471809897773	0.0133347170150277	0.000526185170549808	0.20517204426382
10.9247197255898	0.390940969768801	0.00174248640764636	0.00888636934634915	0.000234499315012332	0.242573062493972
10.9166332508914	0.407743843471345	0.00217468821806759	0.00426478382898397	-1.07142687684907E-05	0.258688848935451
10.8697137198611	0.592796321690234	0.00327646748893298	0.0116050646272376	0.000569421811910421	0.373557744521834
10.8324937351483	0.708184503781487	-0.0144210730766452	-0.00108716535997563	-0.00937319415331833	0.451496585272089
10.8119599950983	0.751015571723161	-0.0612195841529713	9.7070783197277E-05	-0.0278714850775762	0.486706404491595
10.6730476621195	0.907149147157737	-0.105577230607615	0.00624417804911103	-0.0377861154849672	0.591187673535638
10.4426324392438	1.00951009691105	-0.144012833948031	0.0066635442574604	-0.0429103661562267	0.659902089928672
10.2539762614587	1.06159880233139	-0.176629798196973	0.00479520411486396	-0.046006765299013	0.691723469424729
10.0919490905767	1.08793639849979	-0.202853060409891	0.00322630600815088	-0.0469701804681059	0.703429061101036
9.88189300317465	1.23583704348103	-0.218507703084601	0.0086633129602982	-0.0433946620004576	0.787571103109871
9.68985462018592	1.34434937110458	-0.22918057119068	0.00428557182987177	-0.0396338374552102	0.847167987773937
9.53074042767211	1.39272938433568	-0.246530446730894	-0.0190248634104965	-0.0341601883713107	0.873917776448102
9.3912562166694	1.41101986209094	-0.264452927700035	-0.0195811020548624	-0.0204712594880321	0.881787816943449
9.18597962425992	1.5412869837133	-0.268781500290714	-0.0125573049227253	-0.00400473343061883	0.954344908473358
8.99538137638012	1.64197602490221	-0.264467923893542	-0.0161622450786352	0.00258103898085582	1.00258867083139
8.8360348399013	1.69731129961604	-0.253896181290148	-0.0185144394592584	0.00663042223169984	1.02005048546682
8.69539269964263	1.72669347390105	-0.240379535917842	-0.0210553531329246	0.00714853293969365	1.02143093501786
8.48269166907976	1.84736938232116	-0.220363864300166	-0.0195086515896446	0.00981625365284235	1.08214002233217
8.28546217329613	1.94214722723316	-0.199048391123931	-0.0202567876353075	0.00879164091443449	1.12225235493386
8.12321739536574	1.99382494585057	-0.179911458183485	-0.0219236060661285	0.0052651246108436	1.13496229123627
7.98209146076081	2.01938470399824	-0.163498495799375	-0.0229322866513744	0.00144080070846608	1.13361113645722
7.76306911266602	2.12461996385511	-0.144650116089787	-0.0212197325900205	0.00287115215069415	1.18580789540028
7.56063780928358	2.20923769370336	-0.128507416610218	-0.0238554131866015	0.000377105073273299	1.21917171122068
7.39917520289247	2.25309182841665	-0.121148587097576	-0.0140202718959656	0.00920851405030246	1.22535437284936
7.26411169821636	2.27803262878759	-0.118323461083472	0.00841299506333082	0.0229810641112149	1.21627072984526
7.14433421950549	2.28878331945415	-0.11961925365912	0.041025430670939	0.0481954842408946	1.20030095121054
7.03123365250645	2.29432995704446	-0.120587191614984	0.0495693341458608	0.0324752458809149	1.18770326714809
6.92689180736796	2.28880062284615	-0.133353637069769	0.0540476475782892	0.0067786874836062	1.17697219269367
6.826341618461	2.27761593621899	-0.148094532336995	0.0488558275167473	-0.0303319525609706	1.16921067601274
6.93179498208761	1.951278275155	-0.174415831858912	0.0515130048167523	-0.0526998716848705	0.970538991850885
7.05842778378401	1.32499020712494	-0.182876710900251	0.0299534299850971	-0.0900286267033194	0.642300592494065
7.05100955653538	0.608236623186778	-0.193153900711045	0.0221097984770278	-0.0580398592103725	0.284068740834392
7.01282600963917	0.20193968556655	-0.185961829254214	0.0210475321778171	-0.014680797223846	0.0865465186109056
7.01254937628548	0.0588959724256053	-0.157794688697927	0.0108424330789852	-0.00303705200229523	0.0235944670922604
7.06227852804395	0.0125003394438512	-0.140490065983932	0.00426152223687159	-0.00671481114874173	0.00713858041541678
7.15489635735606	0.00321274370575964	-0.119829612710598	-0.00600773719798783	0.0231513274898442	0.00327644261641488
7.27985125451925	0.00986277457077622	-0.114584788490359	-0.027322549320262	0.044886872771121	0.00186317675698102
7.42644422861842	0.0171776808114095	-0.119712524744184	-0.0527128754011307	0.0510419748437014	0.00105558329931317
7.58466720300471	0.0203060528355623	-0.131176483573247	-0.075621566029128	0.0581501140795018	0.000583425969081048
7.7539520442853	0.0199672828431736	-0.140999854770602	-0.0914166163291983	0.0584453879041751	-0.000578513750245194
7.93077017395423	0.0161608511761049	-0.13940695955182	-0.0950196319351017	0.042271931541529	-0.000817658659146111
8.10843101155418	0.0100199198090614	-0.107271811723781	-0.0750735290886818	-0.000371739252305001	8.85069176525056E-05
8.27095647542232	0.209151932913264	-0.0796690704712651	-0.0466459156382536	0.0291917305432262	0.114970694919052
8.44203828077313	0.341788654868659	-0.0417250669843499	-0.0264580352155573	0.0335689645287185	0.182684927875193
8.62468086425567	0.387379932226287	-0.0157742466273283	-0.0179753511561937	-0.00258563397403351	0.209228488012444
8.76796253809736	0.588633231622773	0.0102790355595934	-0.000391623462403435	0.00272214958807584	0.328176547440502
8.9260848071336	0.716612443581668	0.0322642956322713	0.0103402628465318	0.0025625932093408	0.403039170815607
9.10147201565017	0.767965254096841	0.0469405043879866	0.0153470556301512	-0.000533430223573443	0.436694669354401
9.28320389878997	0.78815909799643	0.0545689368737182	0.0164375722428628	-0.002481389682634	0.454638649305192
9.49186328634282	0.39987879390509	0.0508520287843758	0.0138264790729865	-0.0253914454407643	0.239147255291478
9.54063335785081	0.139093845436148	0.0366298978346124	0.00949161535625899	-0.0266037434166982	0.0922030810886123
9.53833790872647	0.0404606268975868	0.0229384833863503	0.00556504232266776	-0.0163892982869159	0.03313500242909
9.53583790516237	0.00889852372985739	0.0128737735917717	0.00249035678529267	-0.00651084525845798	0.0116181182777682
9.53332442024185	0.000955980430880243	0.00612837266462249	0.000244391713356144	-0.000207419319720244	0.00403715975755948
9.53082458101959	8.56565037153922E-05	0.00170917683768302	-0.00120687048484123	0.00276024059389373	0.00139605856185545
9.52833651462396	0.000670657191413848	-0.00119861384006221	-0.00196475203561814	0.00352962107088517	0.000480159947255787
9.52585881067497	0.00113223232960097	-0.00309102983924075	-0.00218179706371634	0.00315764534599998	0.000164209075903639
9.52338673351066	0.00122290763011707	-0.00422999108093289	-0.00202797220296012	0.0023642012319948	5.62163291913134E-05
9.52092253210219	0.00104801784364522	-0.00476017166581596	-0.0016615571272221	0.00155145596201901	1.97386172402561E-05
9.51846101976691	0.000782522818291831	-0.00479152335249456	-0.00121148017221829	0.000895668213065091	7.48771760777907E-06
9.61536156741034	0.000522942162699658	-0.00443991943403334	0.000384263228963026	0.000381448054429865	-1.59044072443053E-06
9.77998717419324	0.000314934035465897	-0.00384048334426613	0.001924755075108	4.31640643692359E-05	-6.68372881683149E-06
9.94028226396429	0.000167195108862761	-0.00310522224212578	0.00256690472150401	-0.000125664411062046	-8.39158865446162E-06
10.0767347041849	0.210241627964878	0.0013141072440186	0.00294291289880148	0.0118242646311945	0.12156853503929
10.2337067256383	0.09216149461117	0.00416890815420604	0.00212791343461199	-0.000961472934032361	0.0561895406580667
10.3883538297362	0.031226910901779	0.00311462449274895	0.00152605021145006	-0.00439997748523129	0.021991905745116
10.5417199302755	0.00906725254880403	0.00155898345366131	0.00103465531341983	-0.00373796141131883	0.00868035615097741
10.694279649542	0.00163896140638681	0.000477750912180207	0.000612403645450916	-0.00224862810298945	0.00347081592528783
10.8463306275914	-0.000435013930668859	-5.95035373236782E-05	0.000269290010152685	-0.00100490983262338	0.00140574971143549
10.9980782697625	-0.000711491440282874	-0.000225053917467003	1.64042205714731E-05	-0.000225797325618909	0.000575302677570494
11.1496559906052	-0.000511607154075278	-0.000209738829981304	-0.000146301186857069	0.000161730600093745	0.000236244023622956
11.2799079541923	0.209449919485994	0.00404988556351377	8.80647526948778E-06	0.01248989469793	0.124524069605168
11.4332407570504	0.0930214340225484	0.00665129707390057	-0.000332146317259064	-1.73171281850411E-05	0.062769075707
11.5857062046099	0.0308847899134733	0.00493604022167995	-0.00035720210531416	-0.00379713664268093	0.0271069622688309
11.7379334862745	0.00772979336675139	0.00263897613006276	-0.000258968261607253	-0.00349489074549755	0.0117946629714999
11.8900811011404	2.45231214855424E-05	0.000910633113254462	-0.000146434930078804	-0.00223980820239883	0.00518843389382772
12.0422280033155	-0.00189176919489009	-9.98473737737501E-05	-5.58403836269098E-05	-0.00111730660887645	0.00230793571218307
12.1728829317695	0.207014365773833	0.00398021697630105	0.00010538154765969	0.0119621695622821	0.127287615223587
12.3071765636275	0.339505228714303	0.0128358351243739	6.35670699188524E-05	0.0141932774982799	0.219188460817989
12.4624172732268	0.137492350037876	0.0144066566397707	-1.24274017146559E-05	-0.00390283318911238	0.112082055630805
12.6159852940382	0.0391922979615004	0.0100196139442024	4.65197708780402E-05	-0.00808959680113003	0.0521722994729258
12.7688108272254	0.00316723230467536	0.00542336978621357	9.49332648277237E-05	-0.00659017885076657	0.024356089552131
12.92108259575	-0.00743397287733185	0.00224360821887599	0.000110299512512666	-0.0040336401717165	0.0114748859842032
13.0728984673461	-0.00866842624842829	0.000505036787951859	0.000100488127321154	-0.00197614485150798	0.00546222870013118
13.2243033681396	-0.00703254320609041	-0.000228337822866466	7.68664947504222E-05	-0.000699999213903974	0.00262669398834792
13.3753290353225	-0.00497169687876222	-0.000393265681220095	4.85264962439843E-05	-5.74331519403572E-05	0.00127493713723337
13.5259909498339	-0.00326938242534344	-0.000303462266810993	2.13099659948262E-05	0.000183837161555684	0.000623286000458969
13.6763104965334	-0.00205525889640197	-0.000148737975050279	-1.3721009630364E-06	0.000214466797529951	0.000305475825246654
13.8262930437351	-0.00125468105381649	-1.42179274288288E-05	-1.77039643618126E-05	0.000158601304539675	0.000148668659694037
13.9759479012086	-0.000757975519669199	7.4568331632935E-05	-2.82039979208327E-05	8.70135708771897E-05	7.03940087644485E-05
14.0821974333292	-0.000448055100659983	0.000107144595697567	-0.000570603134514074	2.86142326595499E-05	3.20487152750921E-05
14.0795755894842	-0.000263466158434417	0.000114000556464624	-0.00190941758189064	-6.99490063552961E-06	1.5215958250181E-05
14.0749358531403	-0.000161396263930316	9.87707590986804E-05	-0.00248888320416607	-2.40985194826053E-05	7.18686088541278E-06
14.0702999794652	-9.78791483721223E-05	7.40969517589098E-05	-0.00250802675509562	-2.86149722459122E-05	3.3769617433765E-06
14.0656717613214	-6.16857525361815E-05	4.9280958800809E-05	-0.00218218691512982	-2.58709402316788E-05	1.59751187611524E-06
14.0610502326973	-3.99573963706899E-05	3.1786383852669E-05	-0.00168940549585335	-2.0859234839112E-05	7.65120886229051E-07
14.0564296653604	-2.61994035494397E-05	1.45485546267901E-05	-0.00116118426843011	-1.45414666628355E-05	3.93018212055911E-07
14.0518091024331	-1.70674590043267E-05	5.07255945189177E-06	-0.000681999664912415	-9.23963921726679E-06	2.1746523290301E-07
14.0471933105713	-1.07516720626311E-05	-3.50597852767264E-06	-0.000297519891564367	-5.47501611988966E-06	1.42791836742042E-07
14.042579427907	-6.36535262431119E-06	-5.40760229203455E-06	-2.25777023566898E-05	-2.36094583493413E-06	1.11614466650863E-07
14.057261247846	-3.33708585091574E-06	-6.68812394026359E-06	0.000396921794084343	-1.2679152899516E-06	-8.12179417834352E-07
14.1813734321228	-1.34204559574212E-06	-7.95476842722878E-06	0.00170851692760373	-2.18542157126306E-06	-5.08772989262566E-06
14.3052958358457	-1.00298782121713E-07	-8.58968604416866E-06	0.00227427351204907	-1.79329946002541E-06	-7.25686303937872E-06
14.4257544933493	6.32253576883859E-07	-8.97494570241888E-06	0.00228048278656329	-2.46383697790609E-06	-8.26018508573744E-06
14.5437803286121	8.89810614129218E-06	-8.99318136162293E-06	0.00195478104606418	-1.88099162069239E-06	-8.72099310563794E-06
14.6601238845579	8.38867760949089E-06	-7.98665665123435E-06	0.00147725662700142	-1.27751226113254E-06	-8.92980129540067E-06
14.7710658300897	1.81558367638914E-05	-7.2686581747612E-06	0.000925330144984568	-8.17589801928725E-07	-8.84532590364565E-06
14.853262112116	2.11935299996042E-05	-6.71478200054899E-06	0.000148995004208231	-8.15760328898433E-07	-7.67611859829369E-06
14.8893081625047	3.47690350096207E-06	-6.75984055171021E-06	-0.000835244689960597	2.5105337801582E-07	-5.30835724137048E-06
14.8897077554832	8.66775914411255E-08	-6.22973938241138E-06	-0.00169529838995096	1.71789085863702E-06	-2.77080239916865E-06
14.8684636982987	8.23014787008393E-06	-5.3379199484722E-06	-0.00221721112450492	2.28773491238947E-06	-7.08298963812348E-07
14.8340808631519	7.33597248627621E-06	-3.58433906139655E-06	-0.00237376390485819	2.61853980285209E-06	8.01581706555869E-07
14.7916814375976	6.860126570047E-06	-1.90230668284923E-06	-0.00223278905643593	2.87122105819935E-06	1.86755779127821E-06
14.7444230389665	6.58299607145078E-06	-1.29428137663148E-06	-0.00189599475585542	1.70495419278883E-06	2.58673555744269E-06
14.6942540249584	6.32593799658292E-06	-1.54179667226874E-06	-0.00146471961411784	1.36370074011753E-06	3.0564374081244E-06
14.6423693499996	6.13476608612648E-06	-1.15637493042323E-06	-0.0010215468522252	6.45050932452574E-07	3.350015097131E-06
14.5895071585158	5.83877965082587E-06	-6.0071366461169E-07	-0.00062391687575333	-3.05079628426006E-07	3.50320344629459E-06
14.5361233068491	5.63735838629564E-06	-1.1036222330984E-06	-0.000301972494049006	-5.97207923726207E-07	3.61857333127846E-06
14.4824943606677	5.54232326287554E-06	-1.25398275725064E-06	-6.72212889253926E-05	-3.97056380261826E-08	3.68469468867301E-06
14.4287938887685	5.56295700717899E-06	-1.53259206802238E-06	8.40453182216793E-05	-6.83580346881148E-07	3.71492807499903E-06
14.375130610196	5.57243706922513E-06	5.6848097919411E-07	0.000164767195405525	2.12377938457094E-06	3.61532976759959E-06
14.3215655597131	6.00852472216855E-06	1.62300727584154E-06	0.000193006098145363	1.85653625282181E-06	3.66616109127746E-06
14.2681397462651	5.90317182304519E-06	2.59483663752491E-06	0.000186049174964762	-4.84620408607461E-07	3.7132642596627E-06
14.2148779649216	5.7494547786377E-06	2.80572584776573E-06	0.000157838571562436	-4.73748368441762E-07	3.69082522974894E-06
14.1617954743841	5.64598810611286E-06	2.81239357442781E-06	0.000120883107139642	-6.31257024547609E-07	3.66462197954823E-06
14.108901811359	5.63549481847822E-06	2.74712520750923E-06	8.3661318480517E-05	-1.42483137375538E-08	3.63460472920927E-06
14.0561998368347	5.75551453951828E-06	4.32806951825489E-06	5.21274203321644E-05	1.51581958441449E-06	3.63499992027373E-06
14.0036924118878	5.95135152902521E-06	4.27102625717821E-06	2.72684171088667E-05	4.43148871627674E-07	3.58891749281915E-06
13.9513843051999	5.90290173267671E-06	4.33813982543128E-06	1.02199497654217E-05	1.99042068678874E-07	3.55840295192477E-06
13.8992726555462	5.81874792137359E-06	4.13826602363474E-06	1.55936162033728E-07	3.28910398851026E-07	3.52540678385113E-06
13.8297312350363	0.201776092221249	0.00494991185205007	-0.000210289890084673	0.0123478639477474	0.125904194583453
13.801775754255	0.327719320058477	0.0149616293890611	7.59437022806658E-05	0.0147475655852067	0.223154057483928
13.7856875440043	0.371064623137662	0.0237448745487595	0.000321528912969812	0.0112531237279945	0.275034982166464
13.7732100557133	0.378130220117855	0.0296492556689401	0.000452485113218024	0.0070309548977153	0.301989950757862
13.7204206460886	0.543073139446936	0.0369939307414135	-0.000522973675254329	0.014216676905467	0.424349253226203
13.6693388451482	0.644614801865465	0.0468620399622485	-0.0010859126469697	0.0144811090360632	0.519307890449963
13.6310174255498	0.676856036395852	0.054805619459248	-0.00111958303944495	0.0106555343062186	0.572791089357589
13.5988760525095	0.677832572673034	0.0598455833259774	-0.000939899053552374	0.00663175693313678	0.602094649780057
13.5113208391535	0.808606066354681	0.0652585794128034	-0.00272637579586039	0.0119771602463868	0.7095826276948
13.424549422418	0.892361118376364	0.0722283034883351	-0.00343931780361384	0.0120988698290953	0.795610986703739
13.3533092982848	0.920507888064563	0.0774637914079232	-0.0031018261137303	0.00896582517359059	0.846408321072992
13.1761918089874	0.909936347302188	0.0791018023817706	-0.00337237727304983	0.0044516662170681	0.86908700196778
12.9195739511828	1.01021728781499	0.0792255007972122	-0.0060311995431617	0.00745243082899072	0.949700422111287
12.6812138177152	1.09011795823838	0.0797486094654639	-0.00657064986968707	0.00731421692960481	1.01517656777684
12.4742512880798	1.13518697554911	0.0788605655455352	-0.0053363444043545	0.00496603653611684	1.05293985913903
12.2882372661583	1.16230898321826	0.076149252084358	-0.00347186428489273	0.00240671454163845	1.07220716383548
12.0444004432366	1.27149276455314	0.0722314585422331	-0.00497722129254652	0.00455692557855888	1.14069101705714
11.8050793521304	1.36130418387224	0.0682743296349564	-0.00482517664054631	0.00426364106239902	1.19611259776418
11.5904534379375	1.4204029878294	0.0633203199946552	-0.00320664542946283	0.00244896647658526	1.22738876160607
11.3936740772052	1.46207382696284	0.0572309157258721	-0.00123832218324817	0.00058835255702337	1.24189233690264
11.1336348717809	1.56844236778467	0.0499087133114325	-0.00306021500192078	0.00168493793909501	1.29611096774529
10.876249150606	1.66216433617398	0.0423757698953997	-0.0031486709612602	0.00133200004492617	1.33916216518891
10.64479523125	1.73202491431304	0.034440434670696	-0.00164334243174501	0.000185163589378155	1.36188958193165
10.4336872277693	1.78656247510137	0.0262034563635493	0.00031399156891394	-0.000869901089221274	1.37020849822873
10.1590671236346	1.89252618031094	0.0171747644934983	-0.00136167231480008	-0.000505438163877513	1.41149415302768
9.88816688372501	1.99012611330861	0.00813986239666581	-0.00133305607672366	-0.000778006687228353	1.4432604716682
9.64630008297962	2.0681907362365	-0.000595841211221776	0.00023701049516862	-0.00120549092058319	1.45791691241134
9.63205221790832	1.88318733798591	-0.00561774796085798	0.0163857446313363	-0.00348278246513908	1.29652335824009
9.7441774992159	1.32422243570461	-0.00540999618347328	0.0434862164853075	-0.00682389256251569	0.919628273398222
9.74772558240931	0.641163346964343	-0.00450015496081527	0.0613416172015283	-0.00880911478819623	0.48182942416636
9.69330407719411	0.224741579567774	-0.00596990415838555	0.0515418751474444	-0.00599172962327159	0.201860636474902
9.63269173805946	0.0574980394532201	-0.00723574127868479	0.0299051227396365	-0.0017301099885652	0.0759228694169569
9.57137893591442	0.00650047390971986	-0.00709023930107856	0.0112568147028178	0.00135385005932094	0.0271771802560411
9.5102759678293	-0.00341853899087874	-0.00596662423466887	-0.000101733249407709	0.00276910054593042	0.00954602914687527
9.43262913693944	0.203021150169452	-0.00383424977681419	-0.0166975862308224	0.004794744303457	0.120294054332498
9.35696562118452	0.334488439804431	-0.00184886110121997	-0.0183274210523022	0.00422991514405534	0.191151865994611
9.29023871087545	0.384041082586718	-0.000680686301537848	-0.0125995836453276	0.00262843700647543	0.218005401437991
9.18930830032053	0.581666985894932	-0.000373224712824075	-0.0166736313048766	0.00226545231108683	0.331556864522626
9.13976827573677	0.315842703938671	-7.8594101310401E-05	0.00895373483836055	-0.00129342465067759	0.179583177443091
9.08240915161389	0.109469948128166	-0.000672781865192171	0.0168811820596589	-0.00236060206340832	0.0646904673708973
9.02435425340553	0.0324931747912314	-0.00151222803470198	0.0125118366485987	-0.00179777703675667	0.021948625216213
9.00082450849102	0.00749955985118178	-0.0020062203844818	0.00640745323062216	-0.000592952231538911	0.00722190874936049
8.99856671270325	0.00083098027263051	-0.00198139444358804	0.00192975643441881	0.000401890026427988	0.00234647118502274
8.97834571122786	0.206119856617066	-0.00131456848791882	-0.0120850161899404	0.00208113607636948	0.11692389055203
8.96085599261799	0.335071994013031	-0.000572256798352968	-0.0133516717804363	0.00213201350634881	0.186934966790309
8.95208740591422	0.382757411942225	-0.000107585698435206	-0.00842583961410395	0.00148926100766698	0.21275236612208
8.90750674918372	0.582019815212493	-0.000235131196717056	-0.0138222159346478	0.00135932267330903	0.32665085574151
8.87294137190595	0.706756981568134	-0.000826807651330482	-0.0111825988530805	0.000745136218358846	0.396470284249845
8.88721433830091	0.364674069559313	-0.000255431177419922	0.0166648657598199	-0.0006813241218527	0.202581371089661
8.88628806676308	0.126048647095743	-8.19490267031566E-05	0.0224686365473754	-0.00090346732192928	0.0720717304212421
8.88421160959243	0.0369806058251164	-0.000264110132580356	0.0152950574098674	-0.000522425080974604	0.023971651845805
8.80306148404108	0.0086294495414499	-0.000507933787763578	0.00699937563285185	-0.00109920569591664	0.00791205030109771
8.63516874127159	0.00120390004082482	-0.0012779548222726	0.00128898531198354	-0.00210136140645471	0.00260311721047096
8.49579093670088	0.000155039887706487	-0.00219187546052343	-0.00162583032705746	-0.00216743081806645	0.00083577166556204
8.37524061345724	0.000563023256361039	-0.00297477223291126	-0.00259007500321068	-0.00174598986678778	0.000264133158904687
8.2513338577338	0.202252282846858	-0.00343561143270306	-0.0136814928381723	-0.000842346604577498	0.111991283449526
8.13798145809986	0.324762819336765	-0.00386750494541841	-0.0129449737924676	-0.000338144053819025	0.17551198643993
8.03873054119237	0.36670022012073	-0.00416147177165419	-0.00702841865289592	7.70793097102576E-06	0.195499276737084
7.91053128631911	0.559561334495801	-0.00473919908353316	-0.0119215917257666	3.61379532908089E-05	0.301608719247817
7.83438808365444	0.292638752138437	-0.00426393149337013	0.012401894908957	0.000443479031919858	0.148406898786835
7.7506755524176	0.0936151429235747	-0.00361160602750971	0.0180567877094959	0.000691221445354046	0.0453145847645661
7.66755873689795	0.0250409209893488	-0.00322114006892753	0.0120069221118657	0.000750702003973935	0.012765825234592
7.59062955645058	0.00502704241418352	-0.00290183491603921	0.00518568334776437	0.000748850989982883	0.00347446684866503
7.53885239898613	0.000546960741781379	-0.00257028860476816	0.000646692689727243	0.000919849598729564	0.000924088030007398
7.52940997797665	0.000281060487518345	-0.00212984577592922	-0.00158229115423806	0.00135410376182518	0.000239075274000343
7.57274856098919	0.000710347016398716	-0.00148604573695726	-0.00224709782565995	0.0019951601857952	6.10452673518437E-05
7.66017159643535	0.000944257923606154	-0.000600329280724185	-0.00208033959874854	0.00257751809464122	1.39992309971785E-05
7.77773961139442	0.000921943825597842	0.00047601912965003	-0.00159063108766151	0.00290193636834546	2.51500396635939E-07
7.91615998686575	0.000758855267517809	0.00164962178163384	-0.00106361654008863	0.00292945067150599	-4.66295740549579E-06
8.06918809577159	0.000547219179330177	0.00281853509340922	-0.000629507563485057	0.00270756227924953	-6.85916266403794E-06
8.23257566092134	0.000359568875864712	0.00389510688377589	-0.000322357314714165	0.00231897586728794	-7.97448074056023E-06
8.40339650036699	0.00020828546654221	0.00483491586333336	-0.000130748368353084	0.00185041816077237	-8.55465728819459E-06
8.57961934017351	0.000110039447057848	0.00560790406128456	-2.62267808316458E-05	0.00137427304589333	-8.86395169535766E-06
8.75982509090253	4.62528356763095E-05	0.0062115043200331	2.14397735605625E-05	0.000942218851514604	-9.0478394820062E-06
8.94300756245753	1.08135637505169E-05	0.00666554746376712	3.62418936203408E-05	0.000584671985173096	-9.20142149836127E-06
9.12845142811198	-1.52310568846126E-06	0.00699214409222573	3.47646267529129E-05	0.000312616068317232	-9.37563167554933E-06
9.3154976297652	-1.05529605468058E-05	0.00721861574140714	2.65989654774874E-05	0.000121936286246874	-9.55648492309873E-06
9.50351952979057	-4.38897041974556E-06	0.00738901093838417	1.83063452629189E-05	1.00699250083519E-07	-9.74801747262679E-06
9.69206887038564	-3.65943073264707E-06	0.00750991314061924	1.0753114323072E-05	-6.84551302880918E-05	-9.94443149532906E-06
9.88083184893315	-2.82009678965328E-06	0.00761627511298175	5.8264019311223E-06	-9.84079553403084E-05	-1.01245441406008E-05
10.0695833916098	-2.49526293817637E-06	0.00770676465631672	2.46291909840288E-06	-0.000103244118690686	-1.03171261306677E-05
10.22970231034	1.05645554688213E-05	0.00774283074818931	2.57749656942715E-06	-0.000463500171150511	-9.1832670913637E-06
10.2275742521068	6.95379754738629E-06	0.00690396089004508	1.21099992872216E-05	-0.00227607920808895	-3.38363427528249E-06
10.2247979638568	4.48890842136979E-06	0.00545903699389536	1.72143317761739E-05	-0.00308307891607236	-1.21075697257031E-06
10.2220339467581	2.99556783046884E-06	0.0038282836712075	1.73870617647221E-05	-0.0031611685728835	-4.05090365703218E-07
10.2192772780909	2.21935221327713E-06	0.00231279173194525	1.53356168217424E-05	-0.0027834191979788	-1.08814643677792E-07
10.2165251301772	1.77813633478463E-06	0.00107156917067887	1.19129594606743E-05	-0.0021781838511163	-2.59422611548624E-09
10.1954072577071	0.207028158371623	8.94377119578136E-06	-0.0118604149623977	-0.00180640227171487	0.119676900039385
10.1760756869804	0.33934092934052	-0.0011044250103825	-0.0128075349145708	-0.00132250577161031	0.198692207147007
10.175863846269	0.140630868054258	-0.00133276648872562	0.00550641948917239	-0.000322552728060264	0.087316346935885
10.1733424639971	0.046893733270259	-0.00122564754035604	0.00892950215303543	0.000197300136564854	0.0333653138485169
10.1706298930257	0.0129854385561855	-0.00102786244247402	0.00667544213768979	0.000410806902232609	0.0124773632766444
10.3324555468987	0.0021292845740849	-0.000241930135323222	0.00359381547664936	0.00218162515458738	0.00482214053287389
10.4949183591559	-0.000714853306455876	0.0011875905852975	0.00130362372541475	0.00297362325534443	0.00190038272987024
10.6478991001878	-0.000977803330438953	0.00281305837526046	-1.10334510795882E-05	0.00296031473197514	0.00075733227380208
10.7609826349405	-0.000600659497607403	0.00420215026979199	-0.000573619086426292	0.00212796557951419	0.000300989445609029
10.813201221052	-0.000207261940986192	0.00491998083476718	-0.000674762381609246	0.000694426991449336	0.000117659136403875
10.819297956461	3.90259562971229E-05	0.00482300477187474	-0.000554796272158302	-0.00075201037288545	4.55321548827269E-05
10.796958473284	0.000132026263224172	0.00404086614852219	-0.000370112357363693	-0.00182911222186592	1.84209059713402E-05
10.7571866605652	0.000152996464653443	0.00282985619821077	-0.000200201168134622	-0.00242174111600003	8.51221894903885E-06
10.7067079986637	0.000121465047750402	0.00145602674922139	-7.54790226074319E-05	-0.00256874630780077	5.03473771703488E-06
10.6497097079182	0.0000854426821707	0.000126447067844684	6.75060563426541E-07	-0.00237996199617643	3.91501386969296E-06
10.5887978094695	5.24794412539165E-05	-0.00101579453069068	3.65695344424994E-05	-0.0019842641118665	3.58732250574662E-06
10.5291950522993	2.25962821461811E-05	-0.00189413435220192	4.57594354609864E-05	-0.00145665249866153	3.36174129986012E-06
10.4872083036045	7.57796087841323E-06	-0.00243598123198947	3.41233078489301E-05	-0.000745651685671398	2.60660914716223E-06
10.4776083164173	-2.20025249908495E-07	-0.00255421534679328	1.05184236583749E-05	0.000133984554454812	1.18084804420371E-06
10.5097619911572	-3.4062785341793E-06	-0.00219027322016453	-2.00690437022572E-05	0.00109335974523473	-7.92112486728029E-07
10.577875211782	-4.26568428801843E-06	-0.00135690415247355	-0.0000459747932568999	0.00190548538813073	-2.75595784432542E-06
10.6707881877924	-4.68404599157646E-06	-0.000177123029384369	-6.28303281194882E-05	0.0024035502173237	-4.36735804497686E-06
10.7808797849806	3.38931912591267E-07	0.00118146787404275	-6.9822080941359E-05	0.00256491541299053	-5.60721921398076E-06
10.9029656096877	4.6771679015345E-06	0.00256447867742653	-6.78180132099256E-05	0.00244547393847211	-6.55530899143982E-06
11.0334861119396	5.45135383706041E-06	0.0038474291169048	-5.97582204713338E-05	0.00213401490831841	-7.28424449738667E-06
11.1699827567942	2.56378237634136E-06	0.00495389464665149	-4.88793073844289E-05	0.00172163065530345	-7.8497883085247E-06
11.31074308571	4.96006493955203E-06	0.00584215310288239	-3.65402110623327E-05	0.00128478953289504	-8.30513324372293E-06
11.4545679070536	3.98254390532316E-06	0.00650864156772054	-2.45811320932942E-05	0.000878884771618181	-8.65281909131342E-06
11.6006167119061	5.61719275388173E-06	0.00698139528022115	-1.55264361987068E-05	0.000537444113180755	-8.94921543741094E-06
11.7482960835755	1.01632413544994E-05	0.00728868590677227	-7.98242519846292E-06	0.000274701945549771	-9.19453460832005E-06
11.8971096428285	7.02636718985517E-06	0.00796417320974718	-0.000310810339768056	-0.000219978032555329	-8.014190331132E-06
12.0465002006037	6.68716090030386E-05	0.0107234580697625	-0.000113338627294472	-0.00221810187906874	-5.378516862213E-06
12.1965835107772	7.88424674431076E-05	0.0119764874404189	2.51720494057849E-05	-0.00371009886863685	-4.18285816934029E-06
12.3471772738443	6.09886255640291E-05	0.0118320322552437	0.000111012091781754	-0.00470320646336394	-3.71647810781809E-06
12.4980542415923	4.38794742030346E-05	0.0104744231750102	0.000156577649960625	-0.00526746423947312	-3.51174450047648E-06
12.6490401117221	2.40073009351027E-05	0.00816809116886301	0.000174093818309503	-0.00550362993196026	-3.4121657494472E-06
12.8000092445946	1.60975948701458E-05	0.00515766540435757	0.000175771118905964	-0.00551580609171761	-3.3949266821645E-06
12.9507333653801	4.27003416367811E-05	0.00358747724676399	-5.44889805418961E-05	-0.00417999049636639	-6.10960001317343E-06
13.0826001495504	7.44430841955746E-05	0.0040666945251651	-2.05490372832181E-05	-0.00237651106995531	-7.67607389801905E-06
13.0825202617224	6.78631459156143E-05	0.00425488917912125	3.30652015523335E-05	-0.00231027274006935	-3.52349330732176E-06
13.0778189727644	0.000250532954228278	0.00344163711705796	-0.00100370354288451	-0.00166973880541866	2.83612092947143E-06
13.0730520411059	0.000332714996984618	0.00313830894405621	-0.000499105744170307	-0.00128223690339317	9.26128291246436E-07
13.0682883939698	0.000281832896792678	0.00270442612152238	-0.00018321217044293	-0.000872862490543779	5.29721303113764E-07
13.06359075653	0.00016251181053123	0.00169639182497789	0.00107223780891336	-0.00013139036995217	4.81126245283756E-05
13.0588329650959	-0.000132823264894333	0.00142921382889018	0.000770643723007529	0.000126232705971906	2.30874886707011E-05
13.0540731223047	-0.000205653195185507	0.00128228942816799	0.000389675863309861	0.000230996601491206	1.08472896744248E-05
13.0493563313636	-4.60395635819011E-05	0.00053110271573015	-0.000718557272508907	-0.000135268191923465	-3.13084157402322E-05
13.0446009734506	0.000132161855716351	0.000252319362682504	-0.000455356333768265	-5.44377784091217E-05	-1.49706146973039E-05
13.0402492798756	9.04939221042511E-05	-0.00281100091235139	0.000282191338401934	0.00192469473786455	-2.86584737404637E-06
13.1596483769602	-0.000150444117181292	-0.0105353367020634	0.00165659816002629	0.00901619636889591	-1.18385172487462E-05
13.2850470279885	-0.000581837245198835	-0.018531107718794	0.00156800579170331	0.0181562546956157	-2.69923868174463E-05
13.4070136671362	-0.000664691455942779	-0.0193924578069369	0.000317507156114163	0.0255532241546082	-4.60923590428756E-05
13.5264539044953	-0.000687001562662659	-0.01238889209374	7.51431782689608E-06	0.0300620661516263	-6.63165675575764E-05
13.6426980535138	5.53128762070809E-06	0.0107187953609037	-0.00307737782678958	0.0255630029492359	-7.1779091474576E-05
13.7573969780491	0.000409363175088107	0.0347851894864996	-0.00134652285531984	0.016187458764315	-3.14777444442461E-05
13.8717884907344	0.000283256225361683	0.0451766031820197	0.000384798136831387	0.00367242320151631	3.7401443634539E-07
13.9860563583174	-4.02212766967836E-05	0.0396998091349294	0.00121939761490045	-0.0103823876051336	2.62829873633497E-05
14.1000528680666	-0.000229939603896667	0.0239433371022549	0.00127783436521613	-0.0213591802820052	4.57382272124984E-05
14.2138530647349	-0.000398039050923393	0.0027976694070852	0.00142833287535301	-0.0281721143527541	6.01299317006303E-05
14.3266496579217	2.66205301173716E-05	-0.00701314265804184	-0.000841665990068442	-0.0233038288323594	1.25246684963665E-05
14.4392922321278	0.000245832911627553	-0.00936975459301704	-0.000358323415767273	-0.0156712580421655	1.11713935873521E-06
14.5519579565204	0.000259370235739187	-0.00833062244354382	-8.36636591494438E-05	-0.00891304464973658	-3.73333646082981E-06
14.664632855762	0.000194270797754748	-0.00516953398347321	3.41443291689969E-05	-0.00359307972638336	-6.09274902554787E-06
14.7561247053889	-0.203372610658408	-0.00109157432271454	0.0127381585278769	0.0002395044941648	-0.129481535651972
14.8704704130466	-0.085094895305398	0.00300120083211689	0.000846869167055617	0.00234278697213191	-0.0770334741705472
14.9837830636607	-0.0190877592200623	0.00646888321613466	-0.00325955026884429	0.00339499619718706	-0.0400418711849131
15.0967944328986	0.00593001476390559	0.00901591563728802	-0.00337347114566163	0.00362191208622402	-0.0208985678461246
15.2096674596037	0.0130052886572165	0.0105678836389021	-0.00239886211753759	0.00328542428323576	-0.0109745508361884
15.3182852679702	0.0129530559828311	0.011208444314434	-0.00142740584042082	0.00259097382007858	-0.00579728869507408
15.3990101814319	0.0105304725812866	0.0109463674859176	-0.000748264327323807	0.0015123792745086	-0.00306024881158306
15.4338648188438	0.0077600027727254	0.00976331289819026	-0.000355837755404145	0.000162068485406119	-0.00159887050235827
15.4329122932167	0.00538268281938376	0.00776935911902677	-0.000166041819673345	-0.00105856076022526	-0.000825090608081694
15.4101580624509	0.00361043265997937	0.00531796200702572	-9.20042427587057E-05	-0.00188904218891976	-0.000424360968274182
15.3741187064895	0.00236855861987559	0.0027756647576765	-7.13573240650006E-05	-0.0022805550872257	-0.000217162484165326
15.3299525596524	0.00153843657904063	0.000455399971384423	-6.77715452426022E-05	-0.00229717695749807	-0.000109862376335936
15.2808476012726	0.000985875857912655	-0.0014543093107124	-6.58147500834358E-05	-0.00204896072115266	-5.43784570810074E-05
15.2287698982126	0.000631692576967047	-0.00285948792014747	-6.11939160833426E-05	-0.00165203359554465	-2.57680727087383E-05
15.1574136035815	-0.198242947222067	-0.00384890547301211	0.0123889172001293	-0.00124453028742793	-0.127370497790137
15.0836804699878	-0.315885785321198	-0.00479948297313085	0.01505657549544	-0.000951532438193031	-0.228313482687522
15.0649435161915	-0.113102585489929	-0.00481550730398958	-0.0024734852436681	-4.66889898631981E-05	-0.130143397761884
15.0599203642259	-0.0136528492918553	-0.00416750302348422	-0.00719439964768646	0.000666997862630309	-0.0676290450907719
15.0547276316526	0.0209177106281069	-0.00324770327272769	-0.00634348066825736	0.000995530252084932	-0.0347882116906218
15.0495184437869	0.0277107735801868	-0.00226543046369665	-0.00425460217922659	0.00105431400656902	-0.0178049795866451
15.0443256177525	0.0243613509410197	-0.0013705054068301	-0.00247223480631252	0.000949442936045769	-0.00908258294114724
15.0391415990609	0.01849406503917	-0.00064510646318971	-0.00132067523847237	0.000761775383573849	-0.00461692108434267
15.0339651645615	0.0130181386764947	-0.000121798010133128	-0.000695953107589628	0.000548796812605937	-0.00233753347076281
15.0287920614342	0.00876203132332262	0.000208192519102938	-0.000403428886210214	0.000347847004271572	-0.00117830899241027
15.0236212145644	0.00572399609869356	0.000376186269953425	-0.000283518855285642	0.000179974537677768	-0.00059111123040938
15.0184570382419	0.00367716350917416	0.000415588082351255	-0.000236164440879444	5.44872209765396E-05	-0.000294928998627404
14.9167053658921	0.00236346634748752	3.72713019088942E-05	-0.00023013253705501	-0.00115747352795811	-0.000149856825503373
14.7692002148335	0.00151710625322213	-0.00137099684052869	-0.000217347738358097	-0.00210253187095528	-7.39353189408985E-05
14.6709620743671	0.000961589758972647	-0.00288717441151175	-0.000180564256210166	-0.00188684859202384	-3.4077676995841E-05
14.5850882044197	0.000615021167565538	-0.00406280609733394	-0.000139422497284418	-0.00138480007435457	-1.39447454260485E-05
14.4974312873964	0.000385040599079428	-0.00485784571737704	-0.000100584582386514	-0.000909714047146332	-3.75492237584283E-06
14.408630341711	0.000242176507553371	-0.00532388400875287	-6.7835816110218E-05	-0.000508539647733431	1.3730409386981E-06
14.319278236147	0.000153552578299548	-0.00552490905477877	-4.27387575106409E-05	-0.000200718537240678	3.93851986468502E-06
14.2297673031702	9.89365835566969E-05	-0.00554070634870776	-2.39921815928879E-05	1.25102333554024E-05	5.18299024155394E-06
14.1403476254202	6.58668152324071E-05	-0.00543287830888761	-1.17388752569875E-05	0.000141815717479582	5.7730287872817E-06
14.0511805004313	3.14887811643516E-05	-0.00526807252767689	-4.29195985672063E-06	0.000203955763639707	6.03756755241485E-06
13.9623680539785	1.71950140447075E-05	-0.00507805386537222	1.45163649823292E-07	0.000217752235207014	6.13597266725589E-06
13.8739799550094	8.52338684312337E-06	-0.00489306746980814	1.52572260008945E-06	0.000200758556177469	6.1500476662345E-06
13.7860553391272	-2.45172389612414E-07	-0.00472651564169481	1.87384516428364E-06	0.000167895580699456	6.11922174729061E-06
13.6818982114832	0.200907256941867	-0.00465686512601721	-0.0122800698532481	0.00012402659299908	0.125132585269495
13.5948579512771	0.0870900304075208	-0.00459653050612633	-0.00045344114643747	3.01486671145865E-05	0.0709500485819928
13.5085569653231	0.0245118278233908	-0.00452563888983373	0.00349508528109281	2.68841613570405E-05	0.0343405176666226
13.4224942020177	0.00125371659217166	-0.00323959181430724	0.00298211104102176	-0.000772350525785256	0.0164433562958553
13.3360165150269	-0.00541309388411412	0.00379424657075316	0.00178091875892269	-0.00576100832670825	0.00781222077136852
13.2493372817897	-0.00589567281093961	0.0144638987905553	0.00111485696880736	-0.0149109473971912	0.00370530647904633
13.1646456861207	-0.00470064912319851	0.00509651380939682	0.00057888741203193	-0.0131361450662486	0.00176020800010947
13.0805475496434	-0.00326999950783019	-0.00458367420898156	0.000261909198331294	-0.0108659479591728	0.000839028576336558
12.9970067064184	-0.00211279027189411	-0.0137210880384626	0.000103135212567007	-0.00859604161519253	0.000405257468790717
12.8971137567575	0.200380790804455	-0.0211809156941351	-0.0125716121315034	-0.00631409174936077	0.123741832613985
12.8140209281273	0.0884972460495437	-0.0213608895584801	-0.000915939316231555	-0.00086826340119547	0.0676363438166344
12.7309751233176	0.0274338920296912	-0.0098454084052929	0.0028562322068059	0.00828573237363056	0.0312152398707658
12.6492121105276	0.0045057112871195	-0.00195221315735015	0.00370582376687916	0.010066743719013	0.0142888985052786
12.5681455945929	-0.00266061500443895	0.000821289473031265	0.00253885180441598	0.00816306987859449	0.00651387356390065
12.487540070852	-0.00385112106090153	0.00193207853590596	0.00141121933456883	0.00590204351237397	0.00295617356849493
12.4074119271976	-0.00316476767564924	0.0017736813135735	0.00063236285448288	0.00372852981591534	0.00133609790603123
12.3101121556218	0.201157797101268	0.00470499205068758	-0.00375436377886073	-0.00102796269077222	0.124406632523474
12.256755633386	0.0862655765020586	0.00315114843429178	0.00788223538045643	-0.00253137752838397	0.0656541779844237
12.2523761331922	0.0254557469063088	-0.00091717684181667	0.00682669096225488	-0.00160832823523144	0.0292557296331721
12.2478577744146	0.00377354506622857	-0.00292713843874229	0.00136616952003149	-0.00159295069056799	0.0127167720959668
12.2428335899262	-0.000942084972321539	-0.000994298959122787	-0.00977070527582359	-0.00422838772754342	0.00511339360847958
12.2385356173197	0.00017239345633599	-0.00516753175171251	-0.00628555067276434	-0.00289929687401897	0.00224967672266866
12.2340999781419	0.000482516279060041	-0.00780029207086492	-0.00132617854123083	-0.000726592788934706	0.00115499306908149
12.2293814829832	-0.00103476747155151	-0.00470686552422096	0.00668913661135768	0.00344252608048955	0.00091444200332278
12.2054204556682	0.205320790475874	0.000314294414132398	-0.00907859860248513	6.59204052780496E-05	0.125370180850622
12.181086874353	0.337838141065484	0.00900107284272336	-0.0110562433026266	-0.0081873478168522	0.216208599940028
12.1785553080117	0.137796288147568	0.00621474075584464	0.0022805199771918	-0.00555620187620545	0.108396973051436
12.132708950271	0.0426136699126707	0.000408501989207053	0.00288178294881115	-0.000638534743312855	0.0489878995008692
11.9101042793298	0.00777897016476292	-0.00875843844014006	0.00392101914637652	-7.90123517530272E-05	0.0222994363525875
11.7198829279128	-0.00298262038021924	-0.0165889896232877	0.00292825302923843	0.00101924857541338	0.00989264996572209
11.5533471747237	-0.00479124416469323	-0.0222760377850311	0.0016887641525674	0.00223645142308344	0.00428399317871779
11.4024015269437	-0.00359925359202085	-0.018513562088999	-0.00115605612288576	0.00790663503349833	0.00171126305240355
11.2675711671586	-0.00227732108112644	-0.00622927452172319	0.00106021080178151	0.0144736677894705	0.000714941719239934
11.1482035779522	0.201936812363257	-2.84591851797975E-05	-0.0107981715497276	0.0133147339441764	0.12076580835247
11.0763777125701	0.334615048824324	0.00108332876541544	-0.0123002693059379	0.00986900920956114	0.205022025070664
11.0723527206864	0.388133433138497	0.000296229166781667	-0.00882740841623102	0.00688534188377737	0.244121158035635
11.1328144920494	0.156906456844851	0.000345399993447157	0.00913032634547072	0.0059124610495443	0.11418025206276
11.2278513889771	0.0487908050329059	0.000746868261515986	0.0113629281483925	0.00438334417168861	0.0481087026400608
11.3484956648621	0.00992862825043916	0.00128611735546879	0.00798482013758682	0.00288036996500232	0.0202498654970679
11.4869434766289	-0.00183501102044659	0.00200036409793538	0.00418982546704827	0.00170997737497691	0.00863182316100262
11.6378754011466	-0.0040408413909635	0.00288536703692833	0.00150252024695164	0.000914057873544455	0.00373629329459698
11.7757567924853	0.206226137990632	0.00340196785166204	-0.012218356296472	-0.000856268968372849	0.127306723404408
11.9237141368573	0.34036175300132	0.00320381220726379	-0.0145240098564514	-0.00138955072201589	0.217141638427938
12.0848138035884	0.390560512978559	0.00296491892246894	-0.0106023896783093	-0.00113370702586092	0.261826319015673
12.2526358893376	0.404179665191071	0.00290892811236301	-0.00615372211821081	-0.000707601056392497	0.284713958187491
12.4316294379791	0.1532326994866	0.00458157302804654	0.0111331597641567	0.00157513390880847	0.144132891421908
12.6106586883349	0.0365547576193133	0.00660237442500136	0.0128187836492844	0.00187953530199913	0.0675715624231183
12.7901220423816	-0.00422907484889379	0.00820008878192298	0.0090337222575227	0.00140853458730976	0.0318001865594449
12.9697017279844	-0.0145605054788807	0.00927161697736917	0.00495215220819155	0.000856521175449715	0.0151394133292064
13.1492175891777	-0.0141504790416942	0.00990028454985235	0.00207883571896306	0.000444300444166721	0.00730154818907552
13.305798757435	0.196398949381962	0.00933202859551322	-0.0118480166991666	-0.0018281790751871	0.131881734551541
13.4654187416067	0.327698646359794	0.00740299443693653	-0.0147385514090952	-0.00241857835213123	0.227979771958179
13.6331129833471	0.373109456017707	0.00531459636390221	-0.0113799598958014	-0.00195947486748544	0.279782416349423
13.8150294454945	0.132534872740998	0.0055515643213533	0.00701462327038985	0.00132178341517206	0.151603957096448
13.9950739267032	0.0187656922649064	0.00690153483129704	0.0105006912544792	0.00201142679453935	0.0766019754949271
14.174238100068	-0.0205404835787157	0.00814709734367485	0.00819577578543473	0.00161548847151577	0.0388927296581115
14.352572336608	-0.0288523519214712	0.00903522763276011	0.00503664359451756	0.00102847133113373	0.0199412113685115
14.5074098293057	0.178831366591189	0.00832467112399268	-0.00970087011802007	-0.0020453319040931	0.140271158038482
14.5138659066612	0.305125213984706	0.00518329021014127	-0.0131520813805998	-0.00453679582578816	0.234289416436578
14.4967855816165	0.348027444223581	0.000949506270403762	-0.0103446112892492	-0.00510591647163	0.285598194248425
14.4404619478568	0.52065824217137	-0.00498170112900686	-0.0164222985978923	-0.00736026725007121	0.420366429236962
14.4393406828828	0.241136801784012	-0.00795299547828776	0.00685558105859573	-0.001146153272805	0.282938794873385
14.4357247698391	0.0324636757064867	-0.00690469980940063	0.0159380558088237	0.00192460631259398	0.146268846484692
14.4308695446494	-0.0406204552348268	-0.00531645435023513	0.0137934340292262	0.00213021912354207	0.0739932594043831
14.4259349531702	-0.0546374996709358	-0.0040279878840091	0.00916593052059102	0.00158182757175338	0.0370585523587251
14.4210534713514	-0.0474628440134222	-0.0031287778760571	0.00525727400726302	0.00107576597720907	0.0184584839480423
14.3971448204156	0.165585502219898	-0.00409307611744317	-0.00916728914886588	-0.00275175722947993	0.136020028891794
14.3724613588407	0.298529709556266	-0.00703350913513356	-0.0128998259299096	-0.00371959678299327	0.23046195460743
14.4790028126548	0.347804018381565	-0.00956556493130843	-0.0109100284767001	-0.00164186598980083	0.285410441391574
14.6347735442946	0.354911489280831	-0.0105171094184436	-0.00770711173283771	0.000436892974726997	0.317381623698948
14.7405782525511	0.51484709367622	-0.0127407506705929	-0.014892475878318	-0.00234154953849259	0.446788615807533
14.8468042613653	0.604188367076799	-0.0170643271717026	-0.0154130406476444	-0.00328959353474309	0.550801201789236
14.9623394691621	0.618438621743388	-0.0216827819016146	-0.0120245072974386	-0.00288670277482102	0.614319358131848
15.0179849479884	0.732460282600003	-0.0286573578998612	-0.015780064817452	-0.00623991335032635	0.744725701439486
15.0745306580197	0.784433856045748	-0.0381419967447413	-0.014929932822931	-0.00731880151980949	0.851014191599257
15.2453561282505	0.37674854345019	-0.0399366153579776	0.00996620418637602	0.00598290426112015	0.661671827052057
15.4007927299468	-0.0639270037019104	-0.0298502939034008	0.0261949981236415	0.0152914631826931	0.373530946463365
15.5524421248201	-0.219072692785653	-0.0189788236817666	0.022928961861201	0.013731222170043	0.206861453790825
15.7030147480322	-0.237088298630582	-0.0108475887448782	0.0152733921782807	0.00944238432679535	0.114351626478906
15.8289322819841	-0.00538649142241265	-0.00911996154924825	-0.00148919195793364	-0.000899393387662137	0.192882970637433
15.9542066668695	0.151341162731158	-0.012946282408341	-0.00756110496637141	-0.00477069262986222	0.27009208860425
16.1045816162211	-0.0183482004786022	-0.0126129158781417	0.00508576799350787	0.00353220698990066	0.159263541286652
16.2527007428313	-0.0892331628804266	-0.00861297277670123	0.00815525048393294	0.00562967235292666	0.088249052528658
16.3997366110708	-0.100628401704576	-0.00440885889697828	0.00715532191987875	0.00499933645271584	0.0491558450971124
16.5459185992568	-0.0889906910035236	-0.00101432971595829	0.00532105463477581	0.00376352593726331	0.0275404167033765
16.6913559482662	-0.0710319327537183	0.00149466276459614	0.00374628821098886	0.00266698210206512	0.0155239561055597
16.8130414427253	0.143218966734177	-0.000494574237248406	-0.00773068955101196	-0.00533811603065778	0.139711528024915
16.9356015714008	0.264563831194573	-0.0071240374472847	-0.0109333665063465	-0.00772751820469044	0.244442551644937
17.0644118718166	0.29322534156903	-0.0139887909357785	-0.00923895627021613	-0.0066801291971786	0.308373481311755
17.1955138367333	0.277719451620104	-0.0196719366313507	-0.00666190266831972	-0.00495476179397063	0.347411960782899
17.2795070473218	0.403396402703526	-0.0280550683247717	-0.0125263103049449	-0.0101357820090841	0.480600441902316
17.3633960136277	0.452552752957889	-0.0398916065295864	-0.0132410798549816	-0.0113220985599302	0.592037621397537
17.4553744788909	0.425630490157243	-0.0515497794745745	-0.0108975802791986	-0.00985819011763269	0.665360371740844
17.6043166603974	-0.00739680882290905	-0.0516950610614346	0.00925614822340935	0.00852730345089271	0.461335334313764
17.747102684399	-0.267892275796692	-0.0406689883684847	0.0151903951790273	0.0144406310680886	0.275349568070229
17.8892472883307	-0.337017023196768	-0.0296021020498239	0.0123474405467459	0.0121097596612402	0.16449951572683
18.0316240516216	-0.318732476629233	-0.0214053045116415	0.00822458733932937	0.00837669024797842	0.0985566344354848
18.1741623253022	-0.268469290536309	-0.0158903595478393	0.00524121701842498	0.00558856448493642	0.0590816753452439
18.257665124045	-0.211394464503734	-0.0121835052259965	0.00407242011442185	0.00347318624268773	0.0351464734362647
18.2541426918226	-0.158661716040257	-0.0101215088979159	0.0041881685335224	0.00186992529560855	0.0204901616899879
18.2469368272275	-0.115516979960669	-0.0089256446221889	0.00431824782816461	0.0012059404590543	0.0118094258304957
18.2397198339013	-0.0823287493118787	-0.00799985127644386	0.00421655070470613	0.00103426058561275	0.00674092729232997
18.2325374239892	-0.0578031929735392	-0.00708853239016629	0.00384467172746992	0.0010463515710286	0.00381346618941178
18.2253746817541	-0.0401553812117488	-0.00613755688729952	0.00327060290751677	0.00108247758528242	0.00213888258942608
18.2182193971959	-0.0277058422929439	-0.00516476994537343	0.00259865537534778	0.00107722713978664	0.00118933302290697
18.1920864571806	0.172004733044705	-0.00912446139354643	-0.00686997097100922	-0.00804918333158807	0.130940864705552
18.1642316935426	0.275398850847568	-0.0186042325265897	-0.00969146374982612	-0.0106209589851288	0.240435825784913
18.1420436980086	0.287760740558534	-0.0279900438859128	-0.00849710622099339	-0.00915523938523057	0.308359366557978
18.1157870298635	0.411975053870279	-0.0399186854589824	-0.0133705105242567	-0.0143620189219581	0.456883694104129
18.2408832232998	0.0925646913277394	-0.0445828178817217	0.000942282114594209	0.00377929528389767	0.335845386115495
18.3660289966363	-0.133310161640686	-0.036148222150409	0.00677908851821566	0.0115367971974664	0.200627726048249
18.4863387881657	-0.207806262686228	-0.0260093242138994	0.00594029056278698	0.0107137441416856	0.119888005490045
18.6037335879699	-0.210098657446043	-0.0179664241600168	0.00380926312824217	0.00777341872234552	0.0718549407861313
18.7192371841468	-0.183177341489939	-0.0124429368033472	0.00223392220027084	0.00518600844067088	0.043144158410422
18.8097870255231	0.0404807619246768	-0.0144124431911536	-0.00634592640721157	-0.00635847811429452	0.156831376131624
18.8990894966585	0.16510193120132	-0.0236980579484585	-0.00858355908788008	-0.0100763113332886	0.259105933251671
18.9932035101317	0.191514876469659	-0.0335868331864651	-0.00715731512950711	-0.00901501875235139	0.325203028214888
19.0888660341658	0.168348835217857	-0.0418819895574591	-0.00509374655365645	-0.00690725470612168	0.367669428772642
19.1369663668473	0.272789818170198	-0.0535172334729014	-0.00895762555026558	-0.0135117985021665	0.501544040057403
19.1819120417243	0.293807096555632	-0.0696229269004015	-0.0093335744306169	-0.0150880382470057	0.616293692605978
19.2320074586466	0.236016011821944	-0.0853303086401473	-0.00769987646511056	-0.0133783356405534	0.694860073977597
19.2815133656903	0.139398922967432	-0.0991477670650332	-0.00585645144286857	-0.0110561631997344	0.748706328320827
19.2649662072854	0.135446471977116	-0.114949067146311	-0.00724709538731045	-0.015730099338094	0.866099001803738
19.2359859080387	0.0743426212278235	-0.133709639419091	-0.0067197125094745	-0.0166297734109716	0.968993093417121
19.2031703464802	-0.0429220276797135	-0.151573091574949	-0.0051463304613206	-0.0148843293101553	1.04386254114252
19.2560004046917	-0.515198526618117	-0.156407218820926	0.00313723887414725	0.00845388654948249	0.864155227103116
19.2727173468035	-0.957449065588141	-0.137166573608335	0.0086777184771712	0.025337757777664	0.564580763453956
19.2521768038378	-1.05437495823332	-0.114874184976492	0.00777855467011963	0.0223636455825882	0.37204020875368
19.2125611970627	-0.980533178425774	-0.0980113630152373	0.00584931760412825	0.0157090530834013	0.244014065670301
19.1620413551342	-0.834786332674857	-0.086310828601047	0.00445759019004757	0.0110110496669874	0.157596435733776
19.1045148001053	-0.67106389297023	-0.0773237905680007	0.00374142352073593	0.00902513460330449	0.0997946215129649
19.0422806114419	-0.517690651116801	-0.0689990975889971	0.00344348237378332	0.00884140873730535	0.061920392846619
18.9769007622504	-0.387259388180747	-0.0603190939497575	0.00328892540380165	0.00932792873716539	0.0377056755364792
18.9094870312467	-0.283053056791973	-0.051192393988486	0.00310174913173004	0.00967714301718314	0.0225951034096405
18.8408260888372	-0.203309871344751	-0.0420278762852664	0.00281343619637076	0.00951356146811692	0.0133674333248409
18.7714669305219	-0.144169111846042	-0.0333576163941756	0.00243006271418355	0.00879409393546981	0.00783182569415098
18.7017725953262	-0.101256403195461	-0.0256463529971738	0.00199452027291804	0.00766402886042187	0.00455582338356867
18.6319732280457	-0.0706011684338543	-0.0191658871209223	0.00155735561804908	0.00632971285362976	0.00263558696982391
18.5622116414886	-0.0489590572396788	-0.0139874280487075	0.00115914593590633	0.0049804602581926	0.00151759233432013
18.4750520384917	0.154218820278681	-0.016591377222579	-0.00197383890250357	-0.00846334961387933	0.130054140253475
18.3853434937267	0.259197262203595	-0.0273787967175906	-0.00285747692252632	-0.0127839555359506	0.239179379672127
18.3013530983905	0.272774618836919	-0.0384885429144609	-0.0024604851684485	-0.0114444864164789	0.307189672917701
18.2696564646182	0.246490665502766	-0.0475417435610829	-0.00235397328900754	-0.00884823204730137	0.349538528202841
18.2640663776228	-0.0215128964542637	-0.0455316787943645	0.000445145588195759	0.00785908148343226	0.216756561979069
18.2562518415511	-0.138318296317164	-0.0359823035161273	0.000850362745466069	0.0109354803904618	0.127234809732597
18.24841412045	-0.164012133662982	-0.0270296914784868	0.000496661273078432	0.00877698832695255	0.0743947059715774
18.2408447462589	-0.150034893359412	-0.0205813175954209	0.000159196435868966	0.00598898427869474	0.0433657084459814
18.2334775375324	-0.12277617338709	-0.0162717043658039	1.92623154956147E-05	0.00399397337556221	0.0251441251604692
18.2262176955028	-0.094385335071431	-0.0132993624471982	3.93703520601763E-05	0.00287590578921021	0.0144884920260071
18.2190150493278	-0.0697499713786125	-0.0110003619817708	0.000135258528536819	0.00233443260458341	0.00829586070815127
18.1924116662629	0.139883602597866	-0.0156689534919163	-0.00160991481865234	-0.0103704657980662	0.134447773485617
18.1638877909337	0.251680518524558	-0.0277221820946426	-0.00190433286875859	-0.0138754115371248	0.24207759801792
17.999873049373	0.263973187588202	-0.0390244267707557	0.000169214905241921	-0.0116345435318508	0.306994862683962
17.7639775662957	0.385795679089171	-0.0522857673301344	0.00092743512155418	-0.0182800979280882	0.447200673407196
17.5479715730077	0.433066006077834	-0.0683719531327023	0.00140935343132266	-0.0187338776912971	0.560614850537637
17.356709452877	0.413529245522234	-0.082149667210832	0.00153785355466224	-0.0154221619743779	0.63328692404761
17.1801455134624	0.366262877860603	-0.0923188360150331	0.0013366449723743	-0.011601182237711	0.678558398892031
16.9574605941927	0.428082621999573	-0.102449062484777	0.00153203205096689	-0.0158469944248944	0.786920226539456
16.732394015185	0.448331756820835	-0.113821798925168	0.00174862025851288	-0.0157595251875448	0.877746003936063
16.5151177086011	0.432633247736115	-0.11192967396621	0.00933726228454828	-0.0221877645985345	0.94254777063458
16.2878833811834	0.421810845553335	-0.0501780987817863	0.0490769031767375	-0.0291520203146596	0.999618580425678
15.9871359553638	0.499558819858876	0.0551346521464839	0.0885085193202374	0.0290195738235094	1.11791073656676
15.7164889192076	0.481849893380237	0.0966158918309465	0.0862736028558213	0.0218992173362082	1.17263323748766
15.4543922982254	0.447726478926529	0.123996591369807	0.0778428920496063	0.0184944345421638	1.20320033468931
15.1956935150236	0.422520968707143	0.144831350849466	0.0649310465246831	0.00652996696314421	1.21511198845497
14.8718275409837	0.498683110746874	0.176879761502612	0.0418690701700057	-0.0544205483875491	1.2384853549201
14.5366742750868	0.580399448005835	0.187426840499736	-0.00941410592526738	-0.0300077397459833	1.27428023734158
14.2139372019419	0.644204490528867	0.220822949327823	-0.0539064750733798	0.000468305759513032	1.30444479774447
13.8465391217539	0.702607277538302	0.215596791021588	-0.0402277140559194	-0.0124866760180813	1.3637994679074
13.4707654134981	0.755927471517583	0.197424536534934	-0.0254073536670884	-0.0203764759203605	1.41359685186635
13.1059553758134	0.808976423104676	0.174328152051379	-0.0124741581206606	-0.023459969134833	1.44988828067308
12.7293033470479	0.889475898806198	0.183682747595258	-0.0258733673265548	0.0174373062713217	1.49597401702079
12.2961413483606	0.994314395798208	0.244260454028127	-0.0367126618285835	0.0588589809826536	1.55524666182214
11.8869122305901	1.09862268716892	0.288328435357532	0.0600863861559899	0.0101077387147461	1.5597051929611
11.5362911383528	1.17414941788821	0.267630673401241	0.0462865927893638	-0.000263774467646296	1.53547735126021
11.1982828456691	1.26719308570763	0.236789503555388	0.0210501828553395	-0.00661260193893693	1.51332504415488
10.8676257551266	1.38288968368731	0.206348288955485	0.00459381296039973	-0.0136530001354004	1.49784142557716
10.5478995494007	1.51282662133011	0.178369977318065	-0.00421935586637777	-0.0198184313198805	1.48798280269585
10.4199316986149	1.47687874146692	0.152538850990079	-0.0180920392238312	-0.0250549924877357	1.36338787636093
10.4695291870014	1.06197207203651	0.154792624190072	-0.0413933297307767	-0.0553313994146267	0.981679261006795
10.4540010351242	0.46539043168526	0.143511023206253	-0.099856515041174	-0.0771218994411162	0.51489023883374
10.3970599028563	0.105356389386643	0.0942221314942995	-0.0973157345255624	-0.0650758267806317	0.224788422800153
10.3738220825144	-0.0196889776530561	0.0448362198101387	-0.056458382608921	-0.045780596343438	0.091042009432365
10.3706787322768	-0.0407059311537306	0.00753269960204477	-0.0244448581208093	-0.0277560183189699	0.0358101539858584
10.3675584419262	-0.0310596146153542	-0.017650123809726	-0.00523296798097819	-0.012714760160987	0.0139611341153063
10.3645257411025	-0.0177850280238192	-0.0320154703412496	0.00397893301726139	-0.00156652245778951	0.00540150290564222
10.3615846641314	-0.00810225605650272	-0.037691501272195	0.00697769479680562	0.00561325958241175	0.00206090866568965
10.3587144940182	-0.00253895259788273	-0.0370967679821336	0.0067693372914665	0.00932708193516253	0.000771232856372695
10.3558917907685	7.2966359014548E-05	-0.0325290842494268	0.00528786759043395	0.0103739788820511	0.000282704237480525
10.3530968709644	0.000965534211262442	-0.0259197898881175	0.00359118326440398	0.00962336172732575	0.00010242297464547
10.3503115626402	0.00102266517085647	-0.0187322992639977	0.00215394453389588	0.00786370716538032	3.77026579591024E-05
10.3475280615166	0.000769184089432717	-0.0119751917292235	0.00111388299045948	0.00572097820672165	1.48070106761905E-05
10.2688961393469	0.000473979614560749	-0.00610026008784872	0.000513831705121244	0.00455685899953163	9.29895038622774E-06
10.1489581885429	0.000233464507690795	-0.000928250210209983	0.000186139697084578	0.00350421414998176	7.26508992174393E-06
10.1195886507578	7.37935098347187E-05	0.00281217535912705	-5.58407981203655E-05	0.00144730542741373	3.8144623797325E-06
10.1546375914701	-9.96201824832177E-06	0.00484138253282449	-0.000216196763177265	-0.000669575979416047	1.98486807454778E-07
10.2141164608799	-0.208948510267794	0.00566953380056137	-0.0122799824682748	-0.00119500927509169	-0.120969473596834
10.3182935739864	-0.0919437374504851	0.00509682224403848	0.000419675111629126	-0.0032511155383293	-0.0561780474534873
10.3983266608547	-0.0311180954094991	0.00345953683829851	0.00395885892039627	-0.00347771985832467	-0.0218036056918852
10.4207934520939	-0.00899459799676372	0.00180090198747331	0.0034645962478006	-0.00236391410993978	-0.00833767129696821
10.3970903627498	-0.00168537161182925	0.000662690004029219	0.00214323012188333	-0.000839309846719265	-0.00317076713600377
10.344086800463	0.000303125377231317	0.000162450123092942	0.00103772679120048	0.000511276572403996	-0.00120689649227375
10.2724058505521	0.000559470637949588	0.000208043324107809	0.000350419301894284	0.00145080836849989	-0.000456954555515219
10.1889032079575	0.000368258802440069	0.000616329421891095	1.18896421719553E-05	0.00194138435749864	-0.000170293303431375
10.0980363819007	0.00014919473437558	0.00121852473272966	-0.000108354335361246	0.00204795384340263	-6.10034888496967E-05
10.0073937958147	7.36408268386946E-06	0.00185627433929439	-0.000122223562721029	0.00182413101831531	-1.97034523469257E-05
9.93811967132829	-5.87201607312737E-05	0.00235716888568285	-0.000112071252598467	0.00120589741675348	-4.97797243189798E-06
9.90993999961576	-7.35055973867249E-05	0.00253904742890201	-0.000124176444574333	0.000228468240174809	-1.03594848474592E-06
9.93621553118027	-6.25854296935069E-05	0.00225794052788391	-0.000166727733196777	-0.000970874100739801	-1.47025819453623E-06
10.0095426815059	-4.27507373561564E-05	0.00146697981111125	-0.000216502513055832	-0.00205849933714097	-3.1388078233098E-06
10.1159359915861	-2.42880519994992E-05	0.00026092109232983	-0.000252571067138425	-0.0027888945427473	-4.8497720442182E-06
10.2381897158236	-9.88104216048669E-06	-0.00117848846029227	-0.000257598596428216	-0.00301440264946194	-6.01035676818281E-06
10.331392733462	-3.40450258429215E-07	-0.00251916821118552	-0.000201347819579797	-0.00242419491725832	-5.37282011698418E-06
10.3631049728771	4.293467227523E-06	-0.00330335541238457	-8.59287521028318E-05	-0.00108830812656057	-3.0034023101108E-06
10.345471243689	5.37795395350038E-06	-0.00332605483063665	3.78119216849783E-05	0.00038546158643498	-4.91664448051724E-07
10.2794955432912	0.205848312706547	-0.00285228873678381	0.0119094296100228	0.000764466177560981	0.119391900190855
10.1951533616257	0.336484931297698	-0.00185360531082856	0.0128766970000207	0.00151396325718625	0.197939664401978
10.1064717618956	0.385873940982663	-0.000459098411607914	0.00817892192886427	0.0021198837698585	0.230061681495591
9.97584059842624	0.580955865839114	0.00151692885140067	0.0136856561079701	0.00217754848953983	0.346746803011139
9.89165685644751	0.316766656221815	0.00244295144181023	-0.0107396080131783	0.00251597696714275	0.196731787689573
9.79686361298846	0.110036734424092	0.00314351884199723	-0.0182689084903207	0.002118551018979	0.0765051196550323
9.69902229845974	0.031711202734148	0.00382131528014554	-0.0137100001051065	0.00139242272278911	0.028204788010378
9.61996164823318	0.00614634849468287	0.00421154141235637	-0.00732588074294151	0.000470425137698402	0.0101017029098068
9.61745880777435	-0.000451647642817743	0.00399582209552448	-0.00256181688748006	-0.000910294728095929	0.00352559876137158
9.61496026789719	-0.0011406628174789	0.00332099069588809	0.000149686753149335	-0.00161799675834519	0.00122328117476154
9.61245585815509	-0.000493340383030061	0.00245859803179703	0.00129976201179698	-0.00182084692977381	0.000422201181040533
9.60994682424104	0.000121995167226302	0.00160358215538161	0.00151866631124606	-0.00169217489730527	0.000144924044541182
9.60743908567308	0.00043643280533584	0.000870629186531519	0.00129369564812445	-0.00138238424394776	4.95904156081153E-05
9.60493018592389	0.000504616576205097	0.000313014048888754	0.000928272625899915	-0.00100546372591748	1.71016180018277E-05
9.60242281279578	0.000437154807814255	-6.4621983926667E-05	0.000583856652163584	-0.000640027114809452	6.12221615773411E-06
9.59991570912493	0.000321398415877583	-0.000278902695754895	0.000320646350747235	-0.000331551332221581	2.41740888525951E-06
9.57918410597281	0.207082162769522	-0.000322726922244154	0.0118856921062128	-0.000160903027336303	0.118030275859768
9.56073655804949	0.337944171553689	-4.15283333068822E-06	0.0124091239349003	8.77672418896602E-05	0.192948717426845
9.06240486918698	0.359768863413223	0.00189400054979535	0.0060114084071624	0.00528796849927213	0.21205044008252
8.61602201481557	0.364911891268801	0.00488729000730335	0.00121120319306195	0.00717422724272641	0.213527146262212
8.22609935384288	0.141131027267928	0.0072050907199875	-0.0134560312847619	0.00657090110148522	0.0832286693011008
7.86902354608622	0.0429889341755939	0.00901427313445068	-0.0127096304549967	0.00501717339023556	0.0269115777909816
7.54525429729974	0.0104209468187634	0.0100870431807184	-0.00750202908340154	0.00308457720425986	0.00808696588925627
7.2500243181825	0.00138469765984625	0.010394048360423	-0.00291523708948499	0.00119625555125807	0.0022914821099991
6.97856013406358	-0.00019608417897729	0.0100834015662708	-9.35189562653016E-05	-0.00037037210659599	0.000620104641275922
6.72677826301663	7.12203401595501E-05	0.00935600430082734	0.0012056463149925	-0.00148672840388815	0.000165332125603802
6.4913297261579	0.000468018998459455	0.00840890428958201	0.00153091620207461	-0.00213847921414769	4.72836376167909E-05
6.26953162177855	0.00062786831340271	0.00739764832227069	0.00136367358673251	-0.00238837540059675	1.73023852217311E-05
6.04666619448609	-0.187027561028912	0.00648472021310764	-0.00906476784987083	-0.00235700003400426	-0.0993271368731151
5.8371599363006	-0.282440567812883	0.00581668443382633	-0.00757514533889182	-0.0020349462260276	-0.140412039260147
5.65059950451198	-0.0859689264540844	0.00495786951312041	0.00849028915278116	-0.00169309673075096	-0.0339400219311614
5.46703325416665	-0.0178669983797658	0.00433908219115885	0.00825597883053003	-0.00136468592604337	-0.00600212895523916
5.2901316988044	-0.00190370903590279	0.00388149711163523	0.00437998921289349	-0.00106178997308415	-0.000967876093956023
5.11956163405555	0.000587482603014087	0.00352426510090117	0.00130201360526742	-0.000798691503627633	-0.000142224261735186
4.95491886842429	0.000266746082121381	0.000909102060364033	-0.000355075152464069	-0.000552437918177361	-1.76465062224188E-05
4.79568417090421	-0.00021454674739543	0.00121919025981924	-0.000964736736776497	-0.000418627662284371	4.60498959407837E-07
4.64157673108596	-0.000446241289924078	0.00159035515469361	-0.00105850685982136	-0.000330913337392567	3.60710161534021E-06
4.49237080675793	-0.000476405018752721	0.00194889807969584	-0.000900091622206726	-0.000281581919239402	4.02309227635432E-06
4.34787093927491	-0.000401586635261689	0.00224030789750984	-0.00065889336148975	-0.000261027838952472	3.90679740045991E-06
4.20790560322045	-0.000289437348391267	0.00243819718084525	-0.000427407023789541	-0.000259054232426378	3.69381176684861E-06
4.07232010017067	-0.000183265435647055	0.00254162998669351	-0.000243416337108761	-0.000268156573734159	3.4627954139315E-06
3.94119969780817	-0.000102641824146203	0.00254901956337592	-0.000115160903072588	-0.000283679093579258	3.2315687665405E-06
3.81558483885525	-4.61992399718031E-05	0.00248060086182232	-3.67858797081163E-05	-0.000311597877334062	3.00288089156622E-06
3.69494337664581	-1.2181065418948E-05	0.0023471900123354	5.02002472322725E-06	-0.000337411489463509	2.80311815794813E-06
3.57872528483416	5.35587834598478E-06	0.00217607481900843	2.33687996900215E-05	-0.000354073931330618	2.6264354968188E-06
3.46654410130354	1.05244261550189E-05	0.00198234984608038	2.73852514358029E-05	-0.000358958907380907	2.46686542151324E-06
3.35811921547955	1.15999388955977E-05	0.00178489162746915	2.44449689612358E-05	-0.00035307482330106	2.32124614953685E-06
3.25323558154311	1.00092134616286E-05	0.00159612246392138	1.83914809996402E-05	-0.000338757406605725	2.18894146391246E-06
3.15172034915498	7.5883992350801E-06	0.00142562523508817	1.23355802391292E-05	-0.000320278410595654	2.066590081772E-06
3.05343166212245	5.33819933375666E-06	0.00127636799836895	7.65417330323169E-06	-0.00029905459015739	1.94860116706011E-06
2.95824435113086	2.00863690457027E-06	0.00115018289116217	4.3680803607785E-06	-0.000278409077490506	1.84190021460064E-06
2.86604755208958	9.33206135931078E-07	0.00104645628346125	2.13778479334926E-06	-0.000259605947598005	1.73876449001231E-06
2.77673779146985	4.15456120700375E-07	0.000963071652744228	1.32437021295431E-06	-0.00024323984416982	1.64300634257095E-06
2.69022041741994	2.34993273048878E-07	0.000894998351229859	4.99291178434071E-07	-0.000229187556994384	1.55321860255117E-06
2.60640506830281	2.06561938467104E-07	0.000840869588391791	4.59062264643098E-07	-0.000217731266714545	1.46941638169357E-06
2.52520496120177	4.12592315644431E-07	0.000795668661341503	3.20691421576997E-07	-0.000209051578694509	1.38750681110102E-06
2.44653712458449	5.28721495146253E-07	0.000758035012268028	7.22271545826474E-07	-0.000201814165354177	1.31237364975724E-06
2.37032192891166	-4.25950177705692E-07	0.000722643641252498	1.02632071863145E-06	-0.000195512190597665	1.24418909531115E-06
2.2964821231072	-3.44334105223734E-07	0.000690637778902002	2.61321027926874E-07	-0.000190168736021333	1.17905495364128E-06
2.22494308471345	-1.65920792077889E-07	0.0006565489882938	7.76537615749915E-07	-0.000185343235718289	1.11528366239039E-06
2.15563328523848	5.0019530699677E-08	0.000626216267648463	7.77199738568083E-07	-0.00018078288118979	1.05603052759282E-06
2.08848286893348	2.37059776357629E-07	0.000592605622875929	8.21255160954847E-07	-0.000176208482647729	1.00301809719009E-06
2.02342459905405	3.04933294363249E-07	0.000560704178110771	8.06056496123419E-07	-0.000171492896256374	9.46718672727997E-07
1.96039326849199	3.91049577183264E-07	0.000528762258510514	7.92846041093037E-07	-0.00016695804526639	8.98707403024631E-07
1.89932593393262	5.10112044001254E-07	0.000497217904063819	8.03639443062505E-07	-0.000161500775663492	8.52691835497891E-07
1.84016060530953	5.67905555798678E-07	0.000466238131834609	8.14042479565335E-07	-0.000157294154726559	8.06572581112494E-07
1.78283863060898	5.77942000708209E-07	0.000437537659570395	7.82614694281454E-07	-0.000151873214255963	7.66291157197756E-07
1.72730255135699	6.64378705434246E-07	0.000409211302578116	7.77740967461645E-07	-0.000147420205405191	7.27936670690553E-07
1.67349633777848	-1.76061960335469E-07	0.00038212745430928	7.63537518688135E-07	-0.000142624012227668	6.90426600309051E-07
1.62136670269587	-1.07047304303762E-07	0.000356965984636693	7.56336393335534E-07	-0.000138279551898378	6.56146759717682E-07

